,INDI1,INDI2,INDI3,MUN,POB1,POB18,POB24,POB31,POB38,POB51,POB55,POB57,POB64,POB76,POB8,POB80,estado,viv17,viv23,viv35,viv36,viv9
0,2395,888,1507,1,877190,631540,52170,451459,209354,329653,29086,425731,123844,301887,245650,23084,1,1528,1111,25251,133169,45692
1,18,9,9,2,46464,31049,2958,23719,10992,16041,1542,22745,7737,15008,15415,1416,1,140,646,3060,9705,3661
2,69,19,50,3,56048,38716,4722,28750,13542,20203,2369,27298,8785,18513,17332,2353,1,135,123,3986,11677,4636
3,7,1,6,4,15577,10487,998,8025,3647,5436,519,7552,2501,5051,5090,479,1,21,68,902,3190,1346
4,295,97,198,5,120405,80580,4820,60270,29153,40859,2397,60135,20414,39721,39825,2423,1,273,210,3221,18925,8673
5,72,44,28,6,46473,31120,2440,23983,11418,16263,1314,22490,7633,14857,15353,1126,1,124,145,1959,8025,3755
6,71,23,48,7,53866,35706,2905,27173,12740,18582,1597,26693,9569,17124,18160,1308,1,193,318,2851,9929,4299
7,28,17,11,8,8896,5854,625,4620,2120,3118,310,4276,1540,2736,3042,315,1,34,103,436,1875,790
8,44,8,36,9,20926,14031,1524,10729,4986,7286,782,10197,3452,6745,6895,742,1,66,142,1334,4484,1815
9,14,8,6,10,20245,13703,1371,10263,4775,7090,715,9982,3369,6613,6542,656,1,128,308,1385,4597,1730
10,92,26,66,11,46454,30183,1586,23462,11447,15495,793,22992,8304,14688,16271,793,1,96,70,1150,9158,3874
11,23532,11238,12294,1,486639,356311,29290,243459,117441,179948,15803,243180,66817,176363,130328,13487,2,10358,12465,12845,77587,32868
12,5934,2905,3029,2,988417,729733,61569,497523,240001,368226,33208,490894,129387,361507,258684,28361,2,3754,9653,23826,147678,70656
13,971,416,555,3,102406,74276,6384,51139,24437,37354,3258,51267,14345,36922,28130,3126,2,1940,668,2724,15606,6580
14,13919,6767,7152,4,1641570,1197950,78306,824832,388685,606277,42409,816738,225065,591673,443620,35897,2,8658,7044,41439,230469,112432
15,1498,662,836,5,96734,69982,5846,48472,23962,35087,2825,48262,13367,34895,26752,3021,2,1924,430,2724,14157,6457
16,849,373,476,1,72564,53290,5631,36151,17873,26567,2785,36413,9690,26723,19274,2846,3,971,1215,2726,15457,5502
17,3266,1307,1959,2,60171,43303,4237,29057,14598,20838,2070,31114,8649,22465,16868,2167,3,504,2798,2123,12505,5057
18,1747,608,1139,3,272711,206308,17981,138728,63762,105008,10001,133983,32683,101300,66403,7980,3,3143,1335,4956,40761,16720
19,4330,1987,2343,8,287671,205695,9747,139690,68029,98471,5118,147981,40757,107224,81976,4629,3,9201,801,4077,44844,27882
20,127,48,79,9,18912,13930,1411,9266,4648,6820,726,9646,2536,7110,4982,685,3,380,289,702,3307,1391
21,27193,13696,13497,1,56537,41690,4577,28879,13288,21519,2371,27658,7487,20171,14847,2206,4,657,2708,4435,11917,6682
22,16691,8227,8464,2,283025,212722,20016,147620,68486,112327,10710,135405,35010,100395,70303,9306,4,774,1751,8567,45936,26132
23,4452,2078,2374,3,248303,185503,13641,126268,57650,94545,6909,122035,31077,90958,62800,6732,4,7461,1093,6643,41164,24358
24,8089,3885,4204,4,90244,63582,6209,45319,21171,32004,2866,44925,13347,31578,26662,3343,4,1098,2640,6187,21004,11070
25,11285,5408,5877,5,31230,21994,2144,15760,7502,11173,1008,15470,4649,10821,9236,1136,4,202,1463,2598,7043,3716
26,14561,6946,7615,6,40100,26873,2640,19729,9564,13268,1187,20371,6766,13605,13227,1453,4,235,2568,4704,8718,4845
27,60,26,34,7,8971,6362,779,4449,2141,3174,363,4522,1334,3188,2609,416,4,534,65,569,2286,1081
28,2097,933,1164,8,10665,7796,801,5246,2479,3878,372,5419,1501,3918,2869,429,4,65,784,829,1919,1291
29,3784,1713,2071,9,58553,40416,3686,29667,13809,20955,1759,28886,9425,19461,18137,1927,4,421,1551,3958,13808,7247
30,7198,3594,3604,10,28424,18525,1505,13915,6836,9198,593,14509,5182,9327,9899,912,4,2248,1842,4052,6850,3836
31,2563,1244,1319,11,43879,29041,2623,21803,10601,14355,1167,22076,7390,14686,14838,1456,4,1893,2200,6936,11104,5723
32,0,0,0,1,1015,789,151,504,253,393,72,511,115,396,226,79,5,4,16,95,325,49
33,396,144,252,2,147809,103758,6635,74249,35464,52373,3627,73560,22175,51385,44051,3008,5,511,453,4236,31489,12623
34,32,12,20,3,22654,16243,1629,11451,5681,8337,860,11203,3297,7906,6411,769,5,20,189,1164,4394,1620
35,36,4,32,4,23271,16530,2065,11545,5273,8175,943,11726,3371,8355,6741,1122,5,262,269,1729,5237,2111
36,3,0,3,5,1720,1247,231,817,416,610,111,903,266,637,473,120,5,7,36,123,448,143
37,15,5,10,6,28068,20149,1874,14165,6721,10184,926,13903,3938,9965,7919,948,5,349,462,1592,5956,2470
38,16,6,10,7,13546,9499,1111,6753,3219,4768,553,6793,2062,4731,4047,558,5,222,424,918,3164,1293
39,3,2,1,8,3077,2192,288,1520,767,1104,127,1557,469,1088,885,161,5,102,135,187,785,289
40,91,31,60,9,58360,41568,3963,29497,14083,21264,1903,28863,8559,20304,16792,2060,5,429,845,3171,12574,4450
41,75,29,46,10,80991,58336,4857,40514,19395,29374,2448,40477,11515,28962,22655,2409,5,312,483,2865,14454,6698
42,10,4,6,11,12471,8836,1315,6032,3036,4264,584,6439,1867,4572,3635,731,5,69,273,1195,3187,1133
43,10,4,6,12,1697,1227,182,806,420,580,79,891,244,647,470,103,5,13,75,82,452,127
44,0,0,0,13,1565,980,78,752,399,484,28,813,317,496,585,50,5,10,20,45,411,146
45,2,0,2,14,10243,7411,891,5089,2446,3663,420,5154,1406,3748,2832,471,5,233,420,428,2620,832
46,0,0,0,15,1574,1166,144,752,387,559,64,822,215,607,408,80,5,13,30,138,453,125
47,2,2,0,16,1773,1332,233,868,421,656,104,905,229,676,441,129,5,5,30,112,501,131
48,44,8,36,17,108950,76547,6762,54809,26172,38757,3300,54141,16351,37790,32403,3462,5,475,1706,4602,22239,8556
49,268,152,116,18,231107,169788,16470,117387,55278,87444,9168,113720,31376,82344,61319,7302,5,809,784,7532,36562,15004
50,4,1,3,19,8599,6109,735,4220,2210,3033,391,4379,1303,3076,2490,344,5,26,325,539,1694,696
51,207,74,133,20,69102,49890,5400,34181,16691,24754,2739,34921,9785,25136,19212,2661,5,321,1371,4462,13456,5905
52,3,0,3,21,6614,4887,627,3328,1564,2391,295,3286,790,2496,1727,332,5,27,102,300,1765,527
53,47,19,28,22,30698,21373,1584,15085,7388,10586,751,15613,4826,10787,9325,833,5,150,291,1228,5714,2372
54,5,4,1,23,11671,8030,941,5631,2814,3862,432,6040,1872,4168,3641,509,5,263,362,938,2758,946
55,74,29,45,24,44799,32479,3448,22002,10683,16099,1695,22797,6417,16380,12320,1753,5,821,1037,2975,9446,3471
56,417,145,272,25,163595,114783,8791,82020,38565,58314,4743,81575,25106,56469,48812,4048,5,468,593,4847,26864,14134
57,4,3,1,26,3304,2392,348,1590,782,1154,168,1714,476,1238,912,180,5,13,69,340,814,293
58,442,228,214,27,92828,65005,3845,45553,22471,32116,1911,47275,14386,32889,27823,1934,5,438,431,2860,15827,6156
59,148,60,88,28,63522,46435,4713,31666,15632,23442,2473,31856,8863,22993,17087,2240,5,221,466,3354,11199,4191
60,0,0,0,29,2360,1713,193,1182,548,844,88,1178,309,869,647,105,5,4,53,79,599,179
61,1719,563,1156,30,807537,581499,47211,407167,194788,296223,25360,400370,115094,285276,226038,21851,5,4050,2143,27988,113067,48531
62,32,6,26,31,23587,17621,1978,11904,5744,8948,976,11683,3010,8673,5966,1002,5,119,180,1025,5066,1487
63,82,38,44,32,43232,32307,4389,22206,10601,16771,2419,21026,5490,15536,10925,1970,5,110,510,2661,7896,3037
64,107,35,72,33,106142,74774,8438,53857,25443,38248,4206,52285,15759,36526,31368,4232,5,1541,2129,6016,21757,8511
65,2,0,2,34,6988,4791,396,3404,1641,2286,173,3584,1079,2505,2197,223,5,78,68,569,1606,676
66,1215,382,833,35,679288,497293,48903,349356,163419,258781,27069,329932,91420,238512,181995,21834,5,1258,1530,24614,109982,37170
67,9,2,7,36,21549,14926,1749,10646,5116,7395,804,10903,3372,7531,6623,945,5,458,663,1981,5220,1838
68,4,1,3,37,6352,4519,537,3099,1481,2192,271,3253,926,2327,1833,266,5,17,185,360,1533,555
69,14,6,8,38,13257,9355,1122,6696,3099,4732,574,6561,1938,4623,3902,548,5,59,240,890,2948,1038
70,187,88,99,1,29599,21083,2687,14831,7219,10633,1357,14768,4318,10450,8516,1330,6,274,163,1932,6818,3056
71,573,270,303,2,150673,115706,14744,77890,35738,60907,8296,72783,17984,54799,34967,6448,6,428,251,5744,22911,9192
72,93,42,51,3,21544,15869,1892,10807,5286,7991,1011,10737,2859,7878,5675,881,6,70,148,1609,4238,2032
73,35,14,21,4,20198,14904,1798,10023,4815,7440,904,10175,2711,7464,5294,894,6,52,53,1137,4215,1852
74,116,47,69,5,30198,22475,2762,15004,7162,11297,1380,15194,4016,11178,7723,1382,6,48,44,1763,5843,2079
75,21,5,16,6,5527,4111,568,2753,1326,2075,289,2774,738,2036,1416,279,6,23,39,653,1448,471
76,1623,604,1019,7,184541,133951,9648,92179,43477,67424,5296,92362,25835,66527,50590,4352,6,602,466,6070,32426,15193
77,19,9,10,8,8985,6418,782,4296,2164,3040,369,4689,1311,3378,2567,413,6,77,69,584,2163,708
78,1216,566,650,9,123191,86673,7762,61876,28991,44110,3797,61315,18752,42563,36518,3965,6,514,207,7172,25585,12216
79,396,217,179,10,136779,102502,6468,70785,32863,54349,3405,65994,17841,48153,34277,3063,6,139,63,2886,19944,7749
80,50,20,30,1,18082,11638,1130,9000,4301,5915,487,9082,3359,5723,6444,643,7,340,192,1293,4033,2144
81,2866,1425,1441,2,31424,21734,2270,16036,7383,11128,1017,15388,4782,10606,9690,1253,7,218,425,2765,7683,4016
82,95,34,61,3,28380,19654,2105,14241,6786,9999,1006,14139,4484,9655,8726,1099,7,2108,662,4013,7197,3435
83,20537,10326,10211,4,32872,20270,1331,16549,7542,10343,633,16323,6396,9927,12602,698,7,1367,2159,4827,6764,3564
84,3455,1657,1798,5,19348,12794,1006,9619,4397,6377,471,9729,3312,6417,6554,535,7,748,312,4053,4749,2388
85,576,255,321,6,30732,20160,2100,15864,7145,10585,1001,14868,5293,9575,10572,1099,7,222,249,3040,7016,3346
86,6995,3695,3300,7,9913,6104,442,5172,2309,3274,238,4741,1911,2830,3809,204,7,583,411,1591,2140,1280
87,803,391,412,8,28162,18456,1564,14295,6784,9470,757,13867,4881,8986,9706,807,7,209,201,3163,5802,3364
88,140,77,63,9,40114,28824,3465,20708,9393,15102,1869,19406,5684,13722,11290,1596,7,1638,355,2870,9967,4454
89,31,10,21,10,7494,4671,499,3752,1770,2413,240,3742,1484,2258,2823,259,7,544,206,933,1479,906
90,184,87,97,11,20142,13069,1437,10069,4615,6617,649,10073,3621,6452,7073,788,7,755,746,2799,4160,2088
91,2414,1130,1284,12,51722,34008,2443,26083,12119,17492,1238,25639,9123,16516,17714,1205,7,2027,691,3045,10431,6014
92,17283,8720,8563,13,34997,21235,1315,17895,8315,10985,668,17102,6852,10250,13762,647,7,583,600,3908,7166,4296
93,19882,10285,9597,14,22606,13300,808,11695,5397,7024,416,10911,4635,6276,9306,392,7,105,422,2307,4145,2714
94,670,284,386,15,45594,31267,3462,23372,10749,16192,1643,22222,7147,15075,14327,1819,7,271,427,3354,10259,5216
95,263,143,120,16,17065,12437,1691,8543,4065,6212,779,8522,2297,6225,4628,912,7,293,344,1886,4406,1855
96,6052,3013,3039,17,84455,58752,6353,42951,20097,30351,3127,41504,13103,28401,25703,3226,7,1425,1680,6886,19087,8695
97,1407,700,707,18,9210,5891,575,4728,2105,3051,253,4482,1642,2840,3319,322,7,46,207,1092,2177,1131
98,5871,3138,2733,19,153448,107519,8467,80904,35751,57733,4374,72544,22758,49786,45929,4093,7,4832,2387,9854,34471,14432
99,3253,1669,1584,20,46405,31382,2918,23022,10828,15719,1414,23383,7720,15663,15023,1504,7,1198,959,5274,10070,5856
100,1716,807,909,21,21800,14806,1587,11227,4974,7764,784,10573,3531,7042,6994,803,7,265,244,3303,5556,2848
101,15165,7701,7464,22,16803,9137,416,8522,4002,4679,216,8281,3823,4458,7666,200,7,1583,2643,3152,3638,2528
102,79412,43127,36285,23,87332,50504,3765,47179,20596,28507,2165,40153,18156,21997,36828,1600,7,5152,11795,12812,18983,10995
103,10900,5486,5414,24,12181,6187,487,6135,2724,3132,253,6046,2991,3055,5994,234,7,825,1215,1565,1994,1436
104,5910,2942,2968,25,7644,5125,527,3801,1756,2594,264,3843,1312,2531,2519,263,7,140,129,1682,1782,572
105,35612,18161,17451,26,39648,22267,1211,20175,9398,11566,634,19473,8772,10701,17381,577,7,1275,2606,5279,7172,4794
106,5110,2692,2418,27,100751,70104,6099,51872,24002,36364,2947,48879,15139,33740,30647,3152,7,2078,788,4949,22769,11345
107,131,63,68,28,5899,4089,425,2937,1348,2066,182,2962,939,2023,1810,243,7,33,27,699,1525,866
108,414,186,228,29,5000,3424,331,2528,1180,1753,157,2472,801,1671,1576,174,7,56,22,348,1268,686
109,210,99,111,30,34744,22909,2231,17538,8030,11707,1067,17206,6004,11202,11835,1164,7,1013,478,4058,7996,4061
110,112566,57389,55177,31,127914,72673,4345,65348,30327,37619,2014,62566,27512,35054,55241,2331,7,3549,5892,18351,23191,16483
111,120,48,72,32,31822,21013,2290,16050,7407,10826,1148,15772,5585,10187,10809,1142,7,572,376,4182,7355,3710
112,5127,2588,2539,33,7430,4735,348,3688,1835,2373,140,3742,1380,2362,2695,208,7,46,84,1362,1514,899
113,1031,511,520,34,73436,49075,4374,37767,16993,25930,2130,35669,12524,23145,24361,2244,7,2027,741,7092,17024,7543
114,17,7,10,35,14416,9752,946,7429,3489,5133,497,6987,2368,4619,4664,449,7,829,230,1423,3310,1554
115,128,56,72,36,7057,4176,474,3617,1600,2212,250,3440,1476,1964,2881,224,7,246,285,460,1327,784
116,100,45,55,37,35017,24707,2502,17975,8174,12799,1235,17042,5134,11908,10310,1267,7,3694,663,3332,8565,3939
117,19820,10138,9682,38,23625,14828,1480,12076,5385,7642,782,11549,4363,7186,8797,698,7,845,2011,3344,4666,2308
118,11096,5550,5546,39,23172,14752,1152,11648,5424,7452,558,11524,4224,7300,8420,594,7,770,1184,4476,5160,2626
119,194,76,118,40,54332,37473,4273,28175,12602,19803,2227,26157,8487,17670,16859,2046,7,2019,574,4772,12561,6265
120,2109,1054,1055,41,44891,30172,2566,23028,10438,15800,1239,21863,7491,14372,14719,1327,7,680,3917,5266,10227,5169
121,4071,2068,2003,42,11342,7082,618,5787,2641,3659,291,5555,2132,3423,4260,327,7,51,17,1300,2588,1193
122,2509,1223,1286,43,10772,7219,722,5485,2674,3699,346,5287,1767,3520,3553,376,7,243,162,1094,2365,1313
123,4631,2285,2346,44,27198,17967,1437,13746,6350,9127,698,13452,4612,8840,9231,739,7,382,404,2486,5519,3381
124,692,352,340,45,5384,3781,325,2679,1269,1903,155,2705,827,1878,1603,170,7,116,57,840,1266,648
125,2325,1217,1108,46,39109,27365,4120,19956,9241,14124,1956,19153,5912,13241,11744,2164,7,1097,411,4871,10155,4303
126,13774,6816,6958,47,20606,11961,782,10246,4962,6065,389,10360,4464,5896,8645,393,7,71,309,2579,4314,2623
127,1089,564,525,48,21222,14829,1485,10817,5015,7672,728,10405,3248,7157,6393,757,7,1020,183,1404,4411,2111
128,21341,11011,10330,49,23889,12998,833,12283,5721,6821,416,11606,5429,6177,10891,417,7,463,989,2626,4306,3165
129,130,64,66,50,4915,3607,468,2478,1170,1853,234,2437,683,1754,1308,234,7,237,66,436,1376,515
130,150,44,106,51,47932,32961,3362,24400,11448,16858,1517,23532,7429,16103,14971,1845,7,1701,512,4395,11771,5140
131,47917,24037,23880,52,122821,77901,5538,62016,29330,39956,2716,60805,22860,37945,44920,2822,7,7424,12938,18015,24326,13311
132,222,81,141,53,7769,4980,707,3985,1849,2564,332,3784,1368,2416,2789,375,7,58,22,723,1560,888
133,108,37,71,54,29239,20314,2258,14888,6969,10488,1098,14351,4525,9826,8925,1160,7,3057,1211,3312,7439,3595
134,12,6,6,55,5743,3988,405,2978,1323,2124,204,2765,901,1864,1755,201,7,81,37,354,1364,553
135,10558,5388,5170,56,11906,6216,344,6036,2883,3266,190,5870,2920,2950,5690,154,7,949,1133,2162,2268,1084
136,928,311,617,57,72967,46897,4568,37298,17666,24335,2266,35669,13107,22562,26070,2302,7,303,606,8390,14509,8393
137,21,8,13,58,4262,2618,176,2096,1024,1316,80,2166,864,1302,1644,96,7,18,18,813,905,639
138,156940,79651,77289,59,218893,129226,7643,111017,51198,66537,3800,107876,45187,62689,89667,3843,7,4746,10295,26971,40617,25218
139,11100,5709,5391,60,12508,6836,667,6492,2913,3620,323,6016,2800,3216,5672,344,7,152,436,2360,2567,1688
140,17771,8783,8988,61,92103,61268,5272,47014,21741,31443,2598,45089,15264,29825,30835,2674,7,3101,1688,9590,20094,10866
141,440,202,238,62,18128,12064,1051,9084,4446,6052,476,9044,3032,6012,6064,575,7,460,106,1926,3751,2035
142,357,184,173,63,3682,2475,216,1844,898,1255,116,1838,618,1220,1207,100,7,4,9,276,874,450
143,43177,21714,21463,64,48126,26659,1899,24271,11580,13385,936,23855,10581,13274,21467,963,7,6516,6197,7854,9064,5869
144,50831,26064,24767,65,119826,77950,5666,61374,28015,40272,2563,58452,20774,37678,41876,3103,7,2063,3086,13791,27019,15048
145,18552,9380,9172,66,22011,12325,752,11221,5091,6333,344,10790,4798,5992,9686,408,7,612,1150,2961,4010,2969
146,4893,2464,2429,67,12136,7472,595,6149,2909,3880,301,5987,2395,3592,4664,294,7,74,136,1906,2765,1709
147,394,201,193,68,31107,22207,2148,15816,7398,11497,1004,15291,4581,10710,8900,1144,7,762,317,2441,7048,3404
148,203,94,109,69,53525,37377,4587,27093,12269,19140,2224,26432,8195,18237,16148,2363,7,3884,682,5732,13718,6012
149,379,159,220,70,14121,8507,907,7096,3245,4304,468,7025,2822,4203,5614,439,7,549,253,2128,2600,1489
150,35,9,26,71,28961,19459,2241,14687,6780,9917,1026,14274,4732,9542,9502,1215,7,1952,610,3646,7096,3686
151,14984,7950,7034,72,31942,19230,1245,16940,7436,10461,650,15002,6233,8769,12712,595,7,111,623,3686,6509,4014
152,2766,1361,1405,73,9578,6005,510,4885,2250,3063,260,4693,1751,2942,3573,250,7,270,106,857,2052,1122
153,256,133,123,74,45104,31373,2012,22654,10505,16000,993,22450,7077,15373,13731,1019,7,624,181,1680,10014,4647
154,1548,730,818,75,28261,18842,1756,14368,6466,9689,896,13893,4740,9153,9419,860,7,1816,359,3123,6577,3511
155,19331,9623,9708,76,26921,16843,1327,13440,6375,8455,622,13481,5093,8388,10078,705,7,874,1396,5202,5786,3716
156,49966,25071,24895,77,63446,40308,3147,32004,14551,20487,1495,31442,11621,19821,23138,1652,7,1304,1630,10940,13301,8522
157,63486,34329,29157,78,209591,146160,9015,111383,47402,79694,5016,98208,31742,66466,63431,3999,7,1249,2163,8940,41739,15454
158,618,283,335,79,39204,26509,2194,19550,9328,13268,1017,19654,6413,13241,12695,1177,7,831,260,2553,8839,5097
159,96,36,60,80,35192,22253,1881,17391,8337,10979,897,17801,6527,11274,12939,984,7,262,385,5305,6834,3970
160,30933,15777,15156,81,44295,26078,1652,22470,10272,13422,824,21825,9169,12656,18217,828,7,596,1643,5470,8328,6005
161,12251,6219,6032,82,13844,7966,435,7016,3296,4106,236,6828,2968,3860,5878,199,7,1238,1764,2263,2754,1957
162,1504,698,806,83,18539,12990,1264,9316,4225,6644,580,9223,2877,6346,5549,684,7,368,202,2104,4822,2131
163,1305,602,703,84,8082,5140,487,4035,1840,2586,227,4047,1493,2554,2942,260,7,64,100,959,1757,942
164,3202,1553,1649,85,10707,7113,583,5371,2490,3585,278,5336,1808,3528,3594,305,7,26,27,868,2375,1116
165,87,44,43,86,24049,16498,1360,12091,5735,8361,696,11958,3821,8137,7551,664,7,421,143,1624,5201,3171
166,144,54,90,87,38797,25837,2224,19857,8868,13531,1119,18940,6634,12306,12960,1105,7,1709,610,3683,9113,5002
167,10,3,7,88,2283,1553,156,1145,523,797,73,1138,382,756,730,83,7,77,12,371,538,260
168,5259,2330,2929,89,348156,247965,21596,181975,82611,133922,11752,166181,52138,114043,100191,9844,7,8810,2207,16847,72890,33839
169,3433,1753,1680,90,3839,2512,305,1959,914,1304,159,1880,672,1208,1327,146,7,21,36,803,983,514
170,827,456,371,91,12887,8636,856,6701,3047,4577,416,6186,2127,4059,4251,440,7,37,42,1209,2934,1533
171,7361,3676,3685,92,41305,27660,2717,20841,9451,14185,1218,20464,6989,13475,13645,1499,7,673,589,6089,9972,5227
172,39455,20600,18855,93,43593,24394,1680,22699,10375,13109,890,20894,9609,11285,19199,790,7,714,2693,6461,7772,5246
173,18547,9692,8855,94,43175,26360,1838,22283,10450,13851,948,20892,8383,12509,16815,890,7,534,1036,3658,8975,5151
174,68321,34217,34104,96,77554,48632,4100,38905,18070,24524,2030,38649,14541,24108,28922,2070,7,2397,3752,12324,15747,10133
175,605,192,413,97,89178,63083,6944,45117,21227,32559,3531,44061,13537,30524,26095,3413,7,3845,777,6287,21518,9896
176,737,345,392,98,7284,4769,359,3643,1736,2428,166,3641,1300,2341,2515,193,7,24,86,1072,1626,1156
177,6850,3644,3206,99,76917,52460,5282,39445,18288,27473,2524,37472,12485,24987,24457,2758,7,4498,3451,9088,18107,8037
178,30853,15924,14929,100,34305,21405,1805,17686,8137,11314,895,16619,6528,10091,12900,910,7,2051,1967,6221,6777,3855
179,17157,9004,8153,101,598710,449062,33569,314957,140288,240929,19343,283753,75620,208133,149648,14226,7,11833,874,12155,97226,46978
180,52,22,30,102,41823,29044,3067,21604,9876,15467,1565,20219,6642,13577,12779,1502,7,2546,410,2848,9191,4139
181,193,53,140,103,31755,21166,2088,16124,7669,11022,956,15631,5487,10144,10589,1132,7,1240,507,2943,6867,4149
182,353,146,207,104,15316,10831,1157,7885,3634,5645,567,7431,2245,5186,4485,590,7,541,176,1625,4149,1650
183,267,130,137,105,15350,10646,1410,7848,3638,5528,708,7502,2384,5118,4704,702,7,188,179,1025,3415,1718
184,13260,6760,6500,106,65009,44094,4131,32986,15226,22539,2004,32023,10468,21555,20915,2127,7,1037,1116,7692,15948,8134
185,5374,2650,2724,107,79003,54940,5203,40403,18365,28236,2518,38600,11896,26704,24063,2685,7,3138,1499,7643,18427,10082
186,2367,1160,1207,108,104833,74537,8068,53816,23852,38720,4139,51017,15200,35817,30296,3929,7,2779,862,8393,26073,13225
187,23477,12165,11312,109,37833,24340,1841,19441,8881,12820,988,18392,6872,11520,13493,853,7,825,912,3675,7892,4858
188,611,308,303,110,7202,4654,427,3681,1655,2362,194,3521,1229,2292,2548,233,7,305,58,1213,1777,1119
189,37806,20218,17588,111,41112,24997,1790,21961,9646,13739,1004,19151,7893,11258,16115,786,7,2406,1327,5107,7952,4669
190,31484,16174,15310,112,34829,18685,1064,17852,8333,9748,529,16977,8040,8937,16144,535,7,2029,3105,5251,6488,4712
191,6037,3126,2911,113,6712,3576,199,3489,1555,1860,113,3223,1507,1716,3136,86,7,159,226,1067,1290,858
192,5060,2528,2532,114,20193,12350,727,9997,4730,6188,320,10196,4034,6162,7843,407,7,1305,500,1490,4254,2354
193,5432,2778,2654,115,12945,7630,471,6478,3100,3809,217,6467,2646,3821,5315,254,7,634,1299,2212,2469,1536
194,5070,2502,2568,116,11444,6850,420,5644,2619,3372,190,5800,2322,3478,4594,230,7,856,308,1994,2369,1210
195,46,18,28,117,7682,4952,354,3830,1861,2470,162,3852,1370,2482,2730,192,7,39,77,879,1563,915
196,4528,2337,2191,118,5163,2930,161,2649,1232,1521,81,2514,1105,1409,2233,80,7,20,61,981,1089,641
197,3373,1690,1683,119,3684,2033,113,1827,873,1052,64,1857,876,981,1651,49,7,95,65,444,695,391
198,50,20,30,1,18082,11638,1130,9000,4301,5915,487,9082,3359,5723,6444,643,8,340,192,1293,4033,2144
199,2866,1425,1441,2,31424,21734,2270,16036,7383,11128,1017,15388,4782,10606,9690,1253,8,218,425,2765,7683,4016
200,95,34,61,3,28380,19654,2105,14241,6786,9999,1006,14139,4484,9655,8726,1099,8,2108,662,4013,7197,3435
201,20537,10326,10211,4,32872,20270,1331,16549,7542,10343,633,16323,6396,9927,12602,698,8,1367,2159,4827,6764,3564
202,3455,1657,1798,5,19348,12794,1006,9619,4397,6377,471,9729,3312,6417,6554,535,8,748,312,4053,4749,2388
203,576,255,321,6,30732,20160,2100,15864,7145,10585,1001,14868,5293,9575,10572,1099,8,222,249,3040,7016,3346
204,6995,3695,3300,7,9913,6104,442,5172,2309,3274,238,4741,1911,2830,3809,204,8,583,411,1591,2140,1280
205,803,391,412,8,28162,18456,1564,14295,6784,9470,757,13867,4881,8986,9706,807,8,209,201,3163,5802,3364
206,140,77,63,9,40114,28824,3465,20708,9393,15102,1869,19406,5684,13722,11290,1596,8,1638,355,2870,9967,4454
207,31,10,21,10,7494,4671,499,3752,1770,2413,240,3742,1484,2258,2823,259,8,544,206,933,1479,906
208,184,87,97,11,20142,13069,1437,10069,4615,6617,649,10073,3621,6452,7073,788,8,755,746,2799,4160,2088
209,2414,1130,1284,12,51722,34008,2443,26083,12119,17492,1238,25639,9123,16516,17714,1205,8,2027,691,3045,10431,6014
210,17283,8720,8563,13,34997,21235,1315,17895,8315,10985,668,17102,6852,10250,13762,647,8,583,600,3908,7166,4296
211,19882,10285,9597,14,22606,13300,808,11695,5397,7024,416,10911,4635,6276,9306,392,8,105,422,2307,4145,2714
212,670,284,386,15,45594,31267,3462,23372,10749,16192,1643,22222,7147,15075,14327,1819,8,271,427,3354,10259,5216
213,263,143,120,16,17065,12437,1691,8543,4065,6212,779,8522,2297,6225,4628,912,8,293,344,1886,4406,1855
214,6052,3013,3039,17,84455,58752,6353,42951,20097,30351,3127,41504,13103,28401,25703,3226,8,1425,1680,6886,19087,8695
215,1407,700,707,18,9210,5891,575,4728,2105,3051,253,4482,1642,2840,3319,322,8,46,207,1092,2177,1131
216,5871,3138,2733,19,153448,107519,8467,80904,35751,57733,4374,72544,22758,49786,45929,4093,8,4832,2387,9854,34471,14432
217,3253,1669,1584,20,46405,31382,2918,23022,10828,15719,1414,23383,7720,15663,15023,1504,8,1198,959,5274,10070,5856
218,1716,807,909,21,21800,14806,1587,11227,4974,7764,784,10573,3531,7042,6994,803,8,265,244,3303,5556,2848
219,15165,7701,7464,22,16803,9137,416,8522,4002,4679,216,8281,3823,4458,7666,200,8,1583,2643,3152,3638,2528
220,79412,43127,36285,23,87332,50504,3765,47179,20596,28507,2165,40153,18156,21997,36828,1600,8,5152,11795,12812,18983,10995
221,10900,5486,5414,24,12181,6187,487,6135,2724,3132,253,6046,2991,3055,5994,234,8,825,1215,1565,1994,1436
222,5910,2942,2968,25,7644,5125,527,3801,1756,2594,264,3843,1312,2531,2519,263,8,140,129,1682,1782,572
223,35612,18161,17451,26,39648,22267,1211,20175,9398,11566,634,19473,8772,10701,17381,577,8,1275,2606,5279,7172,4794
224,5110,2692,2418,27,100751,70104,6099,51872,24002,36364,2947,48879,15139,33740,30647,3152,8,2078,788,4949,22769,11345
225,131,63,68,28,5899,4089,425,2937,1348,2066,182,2962,939,2023,1810,243,8,33,27,699,1525,866
226,414,186,228,29,5000,3424,331,2528,1180,1753,157,2472,801,1671,1576,174,8,56,22,348,1268,686
227,210,99,111,30,34744,22909,2231,17538,8030,11707,1067,17206,6004,11202,11835,1164,8,1013,478,4058,7996,4061
228,112566,57389,55177,31,127914,72673,4345,65348,30327,37619,2014,62566,27512,35054,55241,2331,8,3549,5892,18351,23191,16483
229,120,48,72,32,31822,21013,2290,16050,7407,10826,1148,15772,5585,10187,10809,1142,8,572,376,4182,7355,3710
230,5127,2588,2539,33,7430,4735,348,3688,1835,2373,140,3742,1380,2362,2695,208,8,46,84,1362,1514,899
231,1031,511,520,34,73436,49075,4374,37767,16993,25930,2130,35669,12524,23145,24361,2244,8,2027,741,7092,17024,7543
232,17,7,10,35,14416,9752,946,7429,3489,5133,497,6987,2368,4619,4664,449,8,829,230,1423,3310,1554
233,128,56,72,36,7057,4176,474,3617,1600,2212,250,3440,1476,1964,2881,224,8,246,285,460,1327,784
234,100,45,55,37,35017,24707,2502,17975,8174,12799,1235,17042,5134,11908,10310,1267,8,3694,663,3332,8565,3939
235,19820,10138,9682,38,23625,14828,1480,12076,5385,7642,782,11549,4363,7186,8797,698,8,845,2011,3344,4666,2308
236,11096,5550,5546,39,23172,14752,1152,11648,5424,7452,558,11524,4224,7300,8420,594,8,770,1184,4476,5160,2626
237,194,76,118,40,54332,37473,4273,28175,12602,19803,2227,26157,8487,17670,16859,2046,8,2019,574,4772,12561,6265
238,2109,1054,1055,41,44891,30172,2566,23028,10438,15800,1239,21863,7491,14372,14719,1327,8,680,3917,5266,10227,5169
239,4071,2068,2003,42,11342,7082,618,5787,2641,3659,291,5555,2132,3423,4260,327,8,51,17,1300,2588,1193
240,2509,1223,1286,43,10772,7219,722,5485,2674,3699,346,5287,1767,3520,3553,376,8,243,162,1094,2365,1313
241,4631,2285,2346,44,27198,17967,1437,13746,6350,9127,698,13452,4612,8840,9231,739,8,382,404,2486,5519,3381
242,692,352,340,45,5384,3781,325,2679,1269,1903,155,2705,827,1878,1603,170,8,116,57,840,1266,648
243,2325,1217,1108,46,39109,27365,4120,19956,9241,14124,1956,19153,5912,13241,11744,2164,8,1097,411,4871,10155,4303
244,13774,6816,6958,47,20606,11961,782,10246,4962,6065,389,10360,4464,5896,8645,393,8,71,309,2579,4314,2623
245,1089,564,525,48,21222,14829,1485,10817,5015,7672,728,10405,3248,7157,6393,757,8,1020,183,1404,4411,2111
246,21341,11011,10330,49,23889,12998,833,12283,5721,6821,416,11606,5429,6177,10891,417,8,463,989,2626,4306,3165
247,130,64,66,50,4915,3607,468,2478,1170,1853,234,2437,683,1754,1308,234,8,237,66,436,1376,515
248,150,44,106,51,47932,32961,3362,24400,11448,16858,1517,23532,7429,16103,14971,1845,8,1701,512,4395,11771,5140
249,47917,24037,23880,52,122821,77901,5538,62016,29330,39956,2716,60805,22860,37945,44920,2822,8,7424,12938,18015,24326,13311
250,222,81,141,53,7769,4980,707,3985,1849,2564,332,3784,1368,2416,2789,375,8,58,22,723,1560,888
251,108,37,71,54,29239,20314,2258,14888,6969,10488,1098,14351,4525,9826,8925,1160,8,3057,1211,3312,7439,3595
252,12,6,6,55,5743,3988,405,2978,1323,2124,204,2765,901,1864,1755,201,8,81,37,354,1364,553
253,10558,5388,5170,56,11906,6216,344,6036,2883,3266,190,5870,2920,2950,5690,154,8,949,1133,2162,2268,1084
254,928,311,617,57,72967,46897,4568,37298,17666,24335,2266,35669,13107,22562,26070,2302,8,303,606,8390,14509,8393
255,21,8,13,58,4262,2618,176,2096,1024,1316,80,2166,864,1302,1644,96,8,18,18,813,905,639
256,156940,79651,77289,59,218893,129226,7643,111017,51198,66537,3800,107876,45187,62689,89667,3843,8,4746,10295,26971,40617,25218
257,11100,5709,5391,60,12508,6836,667,6492,2913,3620,323,6016,2800,3216,5672,344,8,152,436,2360,2567,1688
258,17771,8783,8988,61,92103,61268,5272,47014,21741,31443,2598,45089,15264,29825,30835,2674,8,3101,1688,9590,20094,10866
259,440,202,238,62,18128,12064,1051,9084,4446,6052,476,9044,3032,6012,6064,575,8,460,106,1926,3751,2035
260,357,184,173,63,3682,2475,216,1844,898,1255,116,1838,618,1220,1207,100,8,4,9,276,874,450
261,43177,21714,21463,64,48126,26659,1899,24271,11580,13385,936,23855,10581,13274,21467,963,8,6516,6197,7854,9064,5869
262,50831,26064,24767,65,119826,77950,5666,61374,28015,40272,2563,58452,20774,37678,41876,3103,8,2063,3086,13791,27019,15048
263,18552,9380,9172,66,22011,12325,752,11221,5091,6333,344,10790,4798,5992,9686,408,8,612,1150,2961,4010,2969
264,4893,2464,2429,67,12136,7472,595,6149,2909,3880,301,5987,2395,3592,4664,294,8,74,136,1906,2765,1709
265,394,201,193,68,31107,22207,2148,15816,7398,11497,1004,15291,4581,10710,8900,1144,8,762,317,2441,7048,3404
266,203,94,109,69,53525,37377,4587,27093,12269,19140,2224,26432,8195,18237,16148,2363,8,3884,682,5732,13718,6012
267,379,159,220,70,14121,8507,907,7096,3245,4304,468,7025,2822,4203,5614,439,8,549,253,2128,2600,1489
268,35,9,26,71,28961,19459,2241,14687,6780,9917,1026,14274,4732,9542,9502,1215,8,1952,610,3646,7096,3686
269,14984,7950,7034,72,31942,19230,1245,16940,7436,10461,650,15002,6233,8769,12712,595,8,111,623,3686,6509,4014
270,2766,1361,1405,73,9578,6005,510,4885,2250,3063,260,4693,1751,2942,3573,250,8,270,106,857,2052,1122
271,256,133,123,74,45104,31373,2012,22654,10505,16000,993,22450,7077,15373,13731,1019,8,624,181,1680,10014,4647
272,1548,730,818,75,28261,18842,1756,14368,6466,9689,896,13893,4740,9153,9419,860,8,1816,359,3123,6577,3511
273,19331,9623,9708,76,26921,16843,1327,13440,6375,8455,622,13481,5093,8388,10078,705,8,874,1396,5202,5786,3716
274,49966,25071,24895,77,63446,40308,3147,32004,14551,20487,1495,31442,11621,19821,23138,1652,8,1304,1630,10940,13301,8522
275,63486,34329,29157,78,209591,146160,9015,111383,47402,79694,5016,98208,31742,66466,63431,3999,8,1249,2163,8940,41739,15454
276,618,283,335,79,39204,26509,2194,19550,9328,13268,1017,19654,6413,13241,12695,1177,8,831,260,2553,8839,5097
277,96,36,60,80,35192,22253,1881,17391,8337,10979,897,17801,6527,11274,12939,984,8,262,385,5305,6834,3970
278,30933,15777,15156,81,44295,26078,1652,22470,10272,13422,824,21825,9169,12656,18217,828,8,596,1643,5470,8328,6005
279,12251,6219,6032,82,13844,7966,435,7016,3296,4106,236,6828,2968,3860,5878,199,8,1238,1764,2263,2754,1957
280,1504,698,806,83,18539,12990,1264,9316,4225,6644,580,9223,2877,6346,5549,684,8,368,202,2104,4822,2131
281,1305,602,703,84,8082,5140,487,4035,1840,2586,227,4047,1493,2554,2942,260,8,64,100,959,1757,942
282,3202,1553,1649,85,10707,7113,583,5371,2490,3585,278,5336,1808,3528,3594,305,8,26,27,868,2375,1116
283,87,44,43,86,24049,16498,1360,12091,5735,8361,696,11958,3821,8137,7551,664,8,421,143,1624,5201,3171
284,144,54,90,87,38797,25837,2224,19857,8868,13531,1119,18940,6634,12306,12960,1105,8,1709,610,3683,9113,5002
285,10,3,7,88,2283,1553,156,1145,523,797,73,1138,382,756,730,83,8,77,12,371,538,260
286,5259,2330,2929,89,348156,247965,21596,181975,82611,133922,11752,166181,52138,114043,100191,9844,8,8810,2207,16847,72890,33839
287,3433,1753,1680,90,3839,2512,305,1959,914,1304,159,1880,672,1208,1327,146,8,21,36,803,983,514
288,827,456,371,91,12887,8636,856,6701,3047,4577,416,6186,2127,4059,4251,440,8,37,42,1209,2934,1533
289,7361,3676,3685,92,41305,27660,2717,20841,9451,14185,1218,20464,6989,13475,13645,1499,8,673,589,6089,9972,5227
290,39455,20600,18855,93,43593,24394,1680,22699,10375,13109,890,20894,9609,11285,19199,790,8,714,2693,6461,7772,5246
291,18547,9692,8855,94,43175,26360,1838,22283,10450,13851,948,20892,8383,12509,16815,890,8,534,1036,3658,8975,5151
292,68321,34217,34104,96,77554,48632,4100,38905,18070,24524,2030,38649,14541,24108,28922,2070,8,2397,3752,12324,15747,10133
293,605,192,413,97,89178,63083,6944,45117,21227,32559,3531,44061,13537,30524,26095,3413,8,3845,777,6287,21518,9896
294,737,345,392,98,7284,4769,359,3643,1736,2428,166,3641,1300,2341,2515,193,8,24,86,1072,1626,1156
295,6850,3644,3206,99,76917,52460,5282,39445,18288,27473,2524,37472,12485,24987,24457,2758,8,4498,3451,9088,18107,8037
296,30853,15924,14929,100,34305,21405,1805,17686,8137,11314,895,16619,6528,10091,12900,910,8,2051,1967,6221,6777,3855
297,17157,9004,8153,101,598710,449062,33569,314957,140288,240929,19343,283753,75620,208133,149648,14226,8,11833,874,12155,97226,46978
298,52,22,30,102,41823,29044,3067,21604,9876,15467,1565,20219,6642,13577,12779,1502,8,2546,410,2848,9191,4139
299,193,53,140,103,31755,21166,2088,16124,7669,11022,956,15631,5487,10144,10589,1132,8,1240,507,2943,6867,4149
300,353,146,207,104,15316,10831,1157,7885,3634,5645,567,7431,2245,5186,4485,590,8,541,176,1625,4149,1650
301,267,130,137,105,15350,10646,1410,7848,3638,5528,708,7502,2384,5118,4704,702,8,188,179,1025,3415,1718
302,13260,6760,6500,106,65009,44094,4131,32986,15226,22539,2004,32023,10468,21555,20915,2127,8,1037,1116,7692,15948,8134
303,5374,2650,2724,107,79003,54940,5203,40403,18365,28236,2518,38600,11896,26704,24063,2685,8,3138,1499,7643,18427,10082
304,2367,1160,1207,108,104833,74537,8068,53816,23852,38720,4139,51017,15200,35817,30296,3929,8,2779,862,8393,26073,13225
305,23477,12165,11312,109,37833,24340,1841,19441,8881,12820,988,18392,6872,11520,13493,853,8,825,912,3675,7892,4858
306,611,308,303,110,7202,4654,427,3681,1655,2362,194,3521,1229,2292,2548,233,8,305,58,1213,1777,1119
307,37806,20218,17588,111,41112,24997,1790,21961,9646,13739,1004,19151,7893,11258,16115,786,8,2406,1327,5107,7952,4669
308,31484,16174,15310,112,34829,18685,1064,17852,8333,9748,529,16977,8040,8937,16144,535,8,2029,3105,5251,6488,4712
309,6037,3126,2911,113,6712,3576,199,3489,1555,1860,113,3223,1507,1716,3136,86,8,159,226,1067,1290,858
310,5060,2528,2532,114,20193,12350,727,9997,4730,6188,320,10196,4034,6162,7843,407,8,1305,500,1490,4254,2354
311,5432,2778,2654,115,12945,7630,471,6478,3100,3809,217,6467,2646,3821,5315,254,8,634,1299,2212,2469,1536
312,5070,2502,2568,116,11444,6850,420,5644,2619,3372,190,5800,2322,3478,4594,230,8,856,308,1994,2369,1210
313,46,18,28,117,7682,4952,354,3830,1861,2470,162,3852,1370,2482,2730,192,8,39,77,879,1563,915
314,4528,2337,2191,118,5163,2930,161,2649,1232,1521,81,2514,1105,1409,2233,80,8,20,61,981,1089,641
315,3373,1690,1683,119,3684,2033,113,1827,873,1052,64,1857,876,981,1651,49,8,95,65,444,695,391
316,3732,1824,1908,2,400161,328098,48411,212830,95041,178263,29105,187331,37496,149835,72063,19306,9,194,33,18716,46667,20830
317,8058,4728,3330,3,608479,510551,79947,324697,145562,276662,46856,283782,49893,233889,97928,33091,9,121,285,21578,54938,23828
318,2301,1432,869,4,199224,154572,12029,103370,45252,81935,6680,95854,23217,72637,44652,5349,9,256,89,5578,19489,11647
319,15822,8268,7554,5,1164477,931999,129602,609337,279736,495740,74535,555140,118881,436259,232478,55067,9,1208,440,55091,151723,72368
320,3582,1784,1798,6,390348,315961,40781,206399,88422,168846,24155,183949,36834,147115,74387,16626,9,86,36,14706,45134,20100
321,31335,15418,15917,7,1827868,1416567,146301,949503,435424,751310,82774,878365,213108,665257,411301,63527,9,4226,412,87959,260863,124944
322,3269,1971,1298,8,243886,189655,21134,126787,58205,100427,11862,117099,27871,89228,54231,9272,9,534,136,11403,30749,17476
323,5358,2508,2850,9,137927,101077,8057,70776,31781,52309,4390,67151,18383,48768,36850,3667,9,4375,469,8330,24716,12765
324,8254,4959,3295,10,749982,598472,70914,394228,179130,316907,40409,355754,74189,281565,151510,30505,9,1049,191,27510,82972,46445
325,4816,2260,2556,11,361593,278413,23112,188768,86879,146628,12511,172825,41040,131785,83180,10601,9,950,283,16256,50928,25335
326,12313,6607,5706,12,677104,534082,59820,355979,160185,284865,33845,321125,71908,249217,143022,25975,9,4641,633,21201,77626,39780
327,9589,4697,4892,13,415933,317461,31664,216420,96922,167757,17610,199513,49809,149704,98472,14054,9,6960,1102,16087,56415,27966
328,4970,2830,2140,14,417416,362957,57115,224409,97095,198019,35474,193007,28069,164938,54459,21641,9,12,48,10740,28575,12187
329,7141,4100,3041,15,532553,446281,57250,279315,125187,237810,35506,253238,44767,208471,86272,21744,9,311,30,20145,63538,28684
330,3296,2153,1143,16,364439,305509,44214,197354,83744,167995,26384,167085,29571,137514,58930,17830,9,41,16,11262,30475,13793
331,5519,2918,2601,17,427263,347026,49650,226831,98094,187451,30333,200432,40857,159575,80237,19317,9,223,98,19819,54070,26935
332,74,35,39,1,32852,23707,3291,16788,7595,12193,1656,16064,4550,11514,9145,1635,10,152,1054,2410,7903,1892
333,13,7,6,2,4683,3092,305,2286,1128,1490,148,2397,795,1602,1591,157,10,67,244,975,1085,457
334,7,3,4,3,4390,2962,435,2199,1060,1513,211,2191,742,1449,1428,224,10,19,230,295,1002,306
335,60,15,45,4,35415,24666,3114,17643,8271,12354,1515,17772,5460,12312,10749,1599,10,459,717,2334,8175,2847
336,4455,1967,2488,5,654876,468709,40902,340048,158291,247773,23108,314828,93892,220936,186167,17794,10,1801,3425,18695,102189,37078
337,0,0,0,6,10110,7041,1096,5144,2475,3571,521,4966,1496,3470,3069,575,10,116,407,926,2355,896
338,246,28,218,7,342286,246033,21506,173867,80627,126670,11264,168419,49056,119363,96253,10242,10,618,3240,14880,64033,22761
339,74,26,48,8,35380,25222,2942,18066,8282,13081,1471,17314,5173,12141,10158,1471,10,155,559,2385,6894,2034
340,121,57,64,9,9851,7032,1002,4813,2319,3366,419,5038,1372,3666,2819,583,10,366,866,1317,2680,986
341,7,2,5,10,3838,2863,551,1910,902,1415,254,1928,480,1448,975,297,10,42,87,358,1101,250
342,53,19,34,11,4927,3665,834,2439,1174,1792,385,2488,615,1873,1262,449,10,29,140,388,1438,334
343,109,36,73,12,153311,108126,10006,77154,37502,55271,5204,76157,23302,52855,45185,4802,10,741,1541,7280,28940,11698
344,26,11,15,13,26502,17821,1823,13337,6397,8993,834,13165,4337,8828,8681,989,10,319,683,1491,5723,2383
345,29719,15323,14396,14,39288,21862,1757,20111,9088,11502,900,19177,8817,10360,17426,857,10,3934,5114,6123,7174,4863
346,11,10,1,15,12957,9026,1531,6510,3219,4495,737,6447,1916,4531,3931,794,10,64,231,1057,3205,985
347,21,13,8,16,19694,13918,2061,9861,4711,7041,981,9833,2956,6877,5776,1080,10,84,545,1678,4803,1495
348,255,123,132,17,9567,7213,1345,4722,2332,3601,586,4845,1233,3612,2354,759,10,115,264,1001,2719,593
349,68,28,40,18,11496,8650,1658,5826,2834,4396,822,5670,1416,4254,2846,836,10,74,234,1004,2944,640
350,5,1,4,19,5385,3509,364,2605,1243,1677,180,2780,948,1832,1876,184,10,98,374,1027,1125,598
351,5,5,0,20,12290,9057,1566,6246,2918,4642,797,6044,1629,4415,3233,769,10,43,213,1160,2796,741
352,17,7,10,21,10922,7684,1168,5504,2569,3865,539,5418,1599,3819,3238,629,10,106,270,816,2539,807
353,52,19,33,22,25241,18141,2405,12737,5965,9301,1156,12504,3664,8840,7100,1249,10,88,417,2150,5828,1542
354,3395,1778,1617,23,50417,32523,2440,25441,11911,16684,1237,24976,9137,15839,17894,1203,10,804,2480,3533,10332,5066
355,10,0,10,24,13554,9603,1690,6733,3179,4849,812,6821,2067,4754,3951,878,10,64,312,1017,3107,996
356,53,19,34,25,3205,2503,586,1492,811,1155,250,1713,365,1348,702,336,10,58,187,530,1080,223
357,55,23,32,26,19383,13005,1256,9447,4526,6313,576,9936,3244,6692,6378,680,10,206,1456,3015,4575,1889
358,4,2,2,27,5564,3942,760,2827,1370,2037,410,2737,832,1905,1622,350,10,416,294,634,1411,433
359,8,4,4,28,12747,8986,1367,6452,2948,4528,659,6295,1837,4458,3761,708,10,54,326,668,2905,875
360,1,0,1,29,2077,1469,280,1031,515,723,126,1046,300,746,608,154,10,3,26,172,506,155
361,0,0,0,30,1478,1084,194,703,342,512,87,775,203,572,394,107,10,9,24,287,409,102
362,1,0,1,31,7089,5081,763,3573,1779,2580,368,3516,1015,2501,2008,395,10,11,143,513,1802,509
363,191,52,139,32,48482,34203,4238,24318,11820,17264,2083,24164,7225,16939,14279,2155,10,498,1078,3209,10539,3339
364,357,169,188,33,6343,4527,671,3297,1561,2394,343,3046,913,2133,1816,328,10,27,229,635,1518,462
365,10,8,2,34,26709,17195,1527,12915,6521,8150,707,13794,4749,9045,9514,820,10,732,1720,3024,5390,2882
366,90,35,55,35,11060,7888,1293,5497,2726,3968,650,5563,1643,3920,3172,643,10,286,789,1430,2814,851
367,18,8,10,36,22895,16038,2153,11295,5557,8067,1080,11600,3629,7971,6857,1073,10,234,1270,1347,5600,1826
368,7,0,7,37,9351,6173,590,4526,2185,2933,279,4825,1585,3240,3178,311,10,38,563,1545,1997,914
369,210,108,102,38,21861,15577,1784,11264,5433,8123,881,10597,3143,7454,6284,903,10,39,197,1341,4914,1420
370,31,16,15,39,27278,18768,2255,13745,6649,9536,1128,13533,4301,9232,8510,1127,10,55,685,1163,5714,1790
371,92,41,51,1,90990,63812,6934,46904,21544,33677,3634,44086,13951,30135,27178,3300,11,1031,2438,7140,18801,8069
372,152,48,104,2,112125,83592,12680,58313,26983,44213,6570,53812,14433,39379,28533,6110,11,401,1273,9422,24539,7202
373,486,265,221,3,171857,120039,13111,89399,38659,63785,6816,82458,26204,56254,51818,6295,11,3371,8095,10364,29852,12632
374,52,18,34,4,68455,47651,4743,35560,16208,25028,2407,32895,10272,22623,20804,2336,11,327,1447,4554,13511,5561
375,147,57,90,5,92605,64159,5360,48198,21442,34082,2958,44407,14330,30077,28446,2402,11,359,1313,5426,17839,7439
376,12,6,6,6,5128,3637,673,2647,1309,1878,345,2481,722,1759,1491,328,11,548,434,1292,1310,500
377,1510,720,790,7,494304,357959,29033,256655,116585,189337,15683,237649,69027,168622,136345,13350,11,1786,1884,24764,78842,28936
378,51,21,30,8,38832,27304,3912,20223,9468,14595,2037,18609,5900,12709,11528,1875,11,630,1082,3339,8652,2994
379,287,159,128,9,82572,56399,5185,43762,19721,30479,2852,38810,12890,25920,26173,2333,11,2324,3029,6683,15811,7338
380,18,13,5,10,12068,8515,1200,6381,3022,4623,663,5687,1795,3892,3553,537,11,43,246,917,3077,858
381,72,46,26,11,95961,69991,6968,49968,22875,37066,3779,45993,13068,32925,25970,3189,11,553,1075,6210,18771,6429
382,33,17,16,12,28320,20096,2574,14804,6639,10828,1413,13516,4248,9268,8224,1161,11,108,389,2132,6125,2359
383,6,6,0,13,24219,16216,1446,12697,5814,8625,760,11522,3931,7591,8003,686,11,106,687,1683,5019,2198
384,230,90,140,14,152113,102505,9826,81477,36274,56417,5260,70636,24548,46088,49608,4566,11,1917,5387,9558,27801,11683
385,282,75,207,15,184239,135482,11906,94807,43494,70651,6609,89432,24601,64831,48757,5297,11,3560,2352,8280,29028,11737
386,21,9,12,16,21638,15504,2081,11385,5193,8302,1065,10253,3051,7202,6134,1016,11,82,265,1948,4645,1633
387,1444,681,763,17,574344,407732,34351,296671,135918,215226,18858,277673,85167,192506,166612,15493,11,5423,4411,28749,96364,37087
388,42,21,21,18,38412,27848,3421,19496,8929,14338,1704,18916,5406,13510,10564,1717,11,182,303,3264,8471,2914
389,29,4,25,19,49053,34487,5052,26387,11984,19040,2588,22666,7219,15447,14566,2464,11,648,1772,5200,12570,4071
390,3149,1132,2017,20,1578626,1127468,79405,803219,376676,582834,43442,775407,230773,544634,451158,35963,11,14687,5460,63163,244294,98627
391,8,4,4,21,50377,38440,5836,26372,11962,20466,3209,24005,6031,17974,11937,2627,11,58,251,4494,9941,2507
392,19,3,16,22,23528,15633,1867,12252,5547,8358,959,11276,4001,7275,7895,908,11,325,526,1684,5254,1808
393,132,65,67,23,150570,107591,13682,78521,36369,57469,7260,72049,21927,50122,42979,6422,11,2111,4982,13782,32930,12450
394,19,8,11,24,11872,8591,1178,6211,2832,4604,643,5661,1674,3987,3281,535,11,51,171,1041,2592,884
395,198,74,124,25,79798,54022,3951,40131,19654,27770,2049,39667,13415,26252,25776,1902,11,487,593,3786,15345,6900
396,47,18,29,26,59879,41801,4446,30887,14175,21919,2492,28992,9110,19882,18078,1954,11,205,944,5091,12267,4814
397,296,113,183,27,273271,204091,20843,141910,66183,107386,11321,131361,34656,96705,69180,9522,11,714,1281,14767,46853,15086
398,195,102,93,28,100391,75040,11641,52847,24118,40035,6140,47544,12539,35005,25351,5501,11,531,1612,10086,22231,7270
399,44,23,21,29,39668,26802,3128,21418,9479,14971,1736,18250,6419,11831,12866,1392,11,488,2544,3102,8801,3253
400,173,99,74,30,113109,75046,8365,58617,27424,40084,4533,54492,19530,34962,38063,3832,11,2964,4824,7739,23698,9954
401,319,86,233,31,119510,84055,7020,62169,29039,44265,3993,57341,17551,39790,35455,3027,11,864,1216,7339,21644,8611
402,147,75,72,32,78794,52804,3881,40853,18778,28114,2167,37941,13251,24690,25990,1714,11,284,977,3525,15747,5936
403,1902,869,1033,33,121027,81867,7301,64109,29033,44610,4096,56918,19661,37257,39160,3205,11,2645,4223,7382,23333,9868
404,7,6,1,34,5261,3629,531,2745,1166,1943,297,2516,830,1686,1632,234,11,126,237,593,1277,470
405,83,60,23,35,83060,56754,5159,43436,20211,30349,2827,39624,13219,26405,26306,2332,11,695,1556,5672,15529,6257
406,4,2,2,36,6824,5181,933,3565,1607,2768,485,3259,846,2413,1643,448,11,30,56,987,1688,431
407,165,47,118,37,189567,129398,10780,96618,45111,66751,5850,92949,30302,62647,60169,4930,11,2692,1651,10735,34953,15109
408,8,6,2,38,12256,8924,1494,6471,2978,4808,796,5785,1669,4116,3332,698,11,37,144,964,2903,917
409,18,6,12,39,34263,25177,3502,17513,7881,13113,1757,16750,4686,12064,9086,1745,11,227,530,3573,8409,2554
410,268,134,134,40,18960,12146,1326,9944,4592,6662,784,9016,3532,5484,6814,542,11,412,2280,2388,4272,1914
411,40,17,23,41,62761,46608,5130,32608,15088,24678,2744,30153,8223,21930,16153,2386,11,196,340,5184,12870,3930
412,120,63,57,42,142672,104541,13472,75391,33729,56096,7157,67281,18836,48445,38131,6315,11,654,2629,14653,30497,11363
413,43,21,22,43,20166,13636,1792,10740,5115,7435,990,9426,3225,6201,6530,802,11,885,1421,3222,4476,1819
414,174,82,92,44,58830,41244,3419,30280,13665,21589,1829,28550,8895,19655,17586,1590,11,626,489,3206,11524,4232
415,10,10,0,45,11639,7740,1300,6163,2843,4192,671,5476,1928,3548,3899,629,11,498,770,2763,2731,1057
416,54,37,17,46,69763,51373,8159,36584,16338,27575,4313,33179,9381,23798,18390,3846,11,360,1244,7215,16151,4974
417,16714,8801,7913,1,810669,597736,61534,424857,191890,321457,34465,385812,109533,276279,212933,27069,12,15276,8887,43315,154769,78397
418,5549,2957,2592,2,26858,16862,2280,14315,6520,9287,1250,12543,4968,7575,9996,1030,12,1490,1768,3762,5732,3536
419,62,27,35,3,38134,25613,3261,19542,8933,13392,1755,18592,6371,12221,12521,1506,12,1206,2586,4910,8224,4599
420,16248,8652,7596,4,19368,11179,1492,10266,4399,6147,742,9102,4070,5032,8189,750,12,291,1731,3169,3664,2147
421,1042,565,477,5,6657,4482,588,3494,1562,2401,289,3163,1082,2081,2175,299,12,94,171,724,1503,692
422,70,39,31,6,11159,7564,1421,5801,2611,4008,738,5358,1802,3556,3595,683,12,544,340,1654,2418,1081
423,163,88,75,7,31406,22350,3260,16187,7143,11742,1766,15219,4611,10608,9056,1494,12,960,873,3634,6533,3109
424,856,471,385,8,8731,6056,1017,4534,2098,3163,529,4197,1304,2893,2675,488,12,816,523,1378,2170,1058
425,4922,2615,2307,9,5476,3308,464,2904,1322,1821,235,2572,1085,1487,2168,229,12,156,793,1155,1199,763
426,16858,8688,8170,10,27212,15747,1528,14045,6383,8397,863,13167,5817,7350,11465,665,12,1265,2202,6072,6284,3896
427,684,296,388,11,60382,42430,6008,30746,13877,22027,3132,29636,9233,20403,17952,2876,12,874,1577,6444,15240,7841
428,26284,13545,12739,12,69716,42891,3677,35866,16653,22553,1877,33850,13512,20338,26825,1800,12,1831,6836,8924,14309,9662
429,1046,539,507,13,14865,10365,1574,7489,3567,5273,783,7376,2284,5092,4500,791,12,1385,738,2283,3723,1982
430,94,59,35,14,15318,11597,1991,7869,3620,6001,1041,7449,1853,5596,3721,950,12,580,1220,1751,4227,1787
431,104,54,50,15,13286,9718,1592,6784,3192,5056,860,6502,1840,4662,3568,732,12,222,72,1556,3330,1162
432,21,7,14,16,12725,8620,1154,6239,2999,4206,566,6486,2072,4414,4105,588,12,1168,1581,2524,3193,1642
433,95,53,42,17,13457,9702,1758,6907,3315,5092,939,6550,1940,4610,3755,819,12,407,391,1497,3345,1366
434,364,185,179,18,14304,9876,1344,7311,3456,5060,710,6993,2177,4816,4428,634,12,322,797,1666,3466,1665
435,10843,5682,5161,19,14866,9496,1049,7754,3518,5086,561,7112,2702,4410,5370,488,12,2035,1430,2185,3177,2003
436,16877,8970,7907,20,20192,11731,1365,10673,4695,6474,738,9519,4262,5257,8461,627,12,769,2442,3146,4297,2880
437,543,269,274,21,76306,53446,6636,38850,18490,27753,3536,37456,11763,25693,22860,3100,12,4901,4253,7431,18734,9290
438,61,39,22,22,39002,27453,4441,19883,9268,14066,2271,19119,5732,13387,11549,2170,12,3342,2047,6054,9025,4259
439,1598,823,775,23,27266,18063,2177,13624,6366,9140,1121,13642,4719,8923,9203,1056,12,660,1447,3730,6268,2955
440,2685,1382,1303,24,7649,4989,633,3897,1796,2589,323,3752,1352,2400,2660,310,12,406,493,1606,1905,1032
441,217,123,94,25,16415,10728,1480,8276,3840,5394,767,8139,2805,5334,5687,713,12,1078,1565,2645,3826,2284
442,128,78,50,26,8559,6033,1275,4348,2070,3122,682,4211,1300,2911,2526,593,12,1336,433,1857,2251,931
443,44,23,21,27,19746,14473,2727,10099,4749,7395,1375,9647,2569,7078,5273,1352,12,976,755,3857,5403,2075
444,38917,21065,17852,28,129867,82474,8614,69219,30811,45456,5016,60648,23630,37018,47393,3598,12,8308,10224,13377,27678,16896
445,6407,3661,2746,29,273106,195758,15098,143037,61888,104845,8224,130069,39156,90913,77348,6874,12,8297,3018,11817,41747,23870
446,247,133,114,30,20855,14033,1695,10569,4835,7215,925,10286,3468,6818,6822,770,12,1041,1074,2163,4515,2438
447,8,4,4,31,5780,4010,798,2991,1385,2121,454,2789,900,1889,1770,344,12,462,350,1044,1467,544
448,204,93,111,32,37340,22475,2157,18965,8897,11428,1061,18375,7328,11047,14865,1096,12,1559,2133,5554,7674,5273
449,2396,1341,1055,33,15287,10666,1492,8113,3770,5839,807,7174,2347,4827,4621,685,12,151,146,2072,3411,1641
450,1936,1051,885,34,37094,26811,4810,19156,8795,14158,2592,17938,5285,12653,10283,2218,12,3911,1176,5088,9134,3526
451,2759,1392,1367,35,151660,109828,12354,78572,35428,58614,6834,73088,21874,51214,41832,5520,12,8202,1015,7779,26926,13510
452,2186,1182,1004,36,11383,7370,783,5794,2751,3838,395,5589,2057,3532,4013,388,12,332,985,1809,2682,1483
453,11,5,6,37,6179,4484,845,3241,1517,2419,481,2938,873,2065,1695,364,12,478,263,1208,1498,631
454,1920,948,972,38,124824,90509,6706,63888,29666,47034,3349,60936,17461,43475,34315,3357,12,3065,1042,5574,26090,12888
455,160,84,76,39,24890,17693,2213,12864,5969,9221,1124,12026,3554,8472,7197,1089,12,948,408,2749,5768,3009
456,46,16,30,40,26342,17365,1865,13430,6556,8936,977,12912,4483,8429,8977,888,12,367,562,3651,5741,3647
457,21677,11506,10171,41,25584,15046,1775,13553,6091,8276,966,12031,5261,6770,10538,809,12,548,3302,5083,5560,3475
458,7730,4102,3628,42,18526,11774,1390,9724,4352,6382,782,8802,3410,5392,6752,608,12,1034,1584,2690,4418,2598
459,17573,9324,8249,43,19456,10560,1196,10264,4656,5754,652,9192,4386,4806,8896,544,12,478,2376,3634,3748,2454
460,77,42,35,44,12752,8852,1244,6567,3097,4608,658,6185,1941,4244,3900,586,12,104,190,1449,2880,1529
461,9046,4730,4316,45,25483,16461,1897,13200,6148,8779,1017,12283,4601,7682,9022,880,12,2971,2335,3058,5136,3028
462,19083,9885,9198,46,67641,45026,4183,34957,16197,23687,2198,32684,11345,21339,22615,1985,12,4689,3577,8040,14774,7983
463,5,1,4,47,6883,4602,687,3663,1601,2519,392,3220,1137,2083,2281,295,12,533,765,904,1620,806
464,338,168,170,48,44263,31333,3653,22533,10351,16137,1964,21730,6534,15196,12930,1689,12,805,1200,3580,9908,4947
465,13,8,5,49,12900,9062,1325,6621,3091,4767,702,6279,1984,4295,3838,623,12,319,201,1452,3223,1225
466,232,110,122,50,37494,26712,2897,19420,8971,14221,1486,18074,5583,12491,10782,1411,12,861,302,3017,7293,3992
467,1969,967,1002,51,35926,22956,2795,18316,8407,11990,1417,17610,6644,10966,12970,1378,12,562,1886,4678,7476,4582
468,22864,11729,11135,52,43671,26594,2667,22304,10214,13857,1373,21367,8630,12737,17077,1294,12,1741,5328,6393,9247,6388
469,541,285,256,53,49449,33743,4517,25149,11418,17419,2423,24300,7976,16324,15706,2094,12,3836,3405,6652,11512,6010
470,55,24,31,54,27853,17829,2291,14268,6576,9315,1242,13585,5071,8514,10024,1049,12,1394,2654,4568,6149,3661
471,1688,817,871,55,108416,79325,9542,57141,25532,42598,5291,51275,14548,36727,29091,4251,12,2922,2138,10381,23071,11354
472,871,453,418,56,46812,31223,3929,23819,11151,16131,2151,22993,7901,15092,15589,1778,12,1023,3852,6491,10516,6302
473,402,178,224,57,64577,46393,6535,32611,15262,23721,3485,31966,9294,22672,18184,3050,12,1404,2398,8104,15551,7503
474,884,415,469,58,57377,39527,6202,30452,13448,21432,3375,26925,8830,18095,17850,2827,12,4325,2610,6860,12299,5806
475,4158,2334,1824,59,31599,23301,3981,16332,7713,12378,2109,15267,4344,10923,8298,1872,12,2331,1128,4890,7764,3066
476,12,10,2,60,14658,10152,1485,7511,3535,5316,783,7147,2311,4836,4506,702,12,998,674,1843,3780,1613
477,8268,4176,4092,61,42653,30060,3555,22343,10136,16084,1917,20310,6334,13976,12593,1638,12,2686,1912,3613,8731,4747
478,16938,9086,7852,62,22771,13585,1475,12117,5397,7481,767,10654,4550,6104,9186,708,12,304,1944,3335,4471,2965
479,7817,4113,3704,63,9753,5923,700,5102,2402,3226,437,4651,1954,2697,3830,263,12,158,1389,2297,2320,1416
480,14,4,10,64,12404,9042,1878,6184,2996,4550,916,6220,1728,4492,3362,962,12,246,258,1870,2918,1202
481,1565,876,689,65,7407,4875,775,3839,1849,2582,399,3568,1275,2293,2532,376,12,535,368,1196,1744,770
482,44858,24465,20393,66,87967,56277,4741,46920,20548,31012,2549,41047,15782,25265,31690,2192,12,2918,4706,6744,16206,10281
483,6,4,2,67,21995,15359,2344,11399,5409,8158,1245,10596,3395,7201,6636,1099,12,1105,419,2113,4559,2511
484,50,20,30,68,26432,18921,2682,13001,6287,9268,1263,13431,3778,9653,7511,1419,12,917,1378,1942,6497,3074
485,9814,5362,4452,69,11726,7323,1127,6348,2750,4115,625,5378,2170,3208,4403,502,12,906,912,1675,2388,1474
486,69,42,27,70,7201,5153,912,3788,1765,2799,439,3413,1059,2354,2048,473,12,429,242,1170,1671,727
487,24939,12981,11958,71,28839,18564,1766,14995,7080,9799,933,13844,5079,8765,10275,833,12,546,2773,3716,6534,3659
488,9230,4819,4411,72,11221,6653,639,5844,2737,3554,335,5377,2278,3099,4568,304,12,245,1493,2276,2576,1648
489,12,2,10,73,18206,12685,2044,9094,4298,6343,1029,9112,2770,6342,5521,1015,12,839,1155,3557,4570,2053
490,12607,6825,5782,74,22721,14393,1964,12039,5529,7918,1064,10682,4207,6475,8328,900,12,2074,2396,2983,5597,3323
491,8145,4325,3820,75,51316,35599,3659,26397,12127,18649,1986,24919,7969,16950,15717,1673,12,2763,680,4016,10177,5769
492,32811,16833,15978,76,36449,20228,1501,18671,8706,10628,833,17778,8178,9600,16221,668,12,1160,4576,7699,7852,5141
493,462,252,210,77,13730,9239,1118,6939,3240,4750,576,6791,2302,4489,4491,542,12,814,565,1648,3246,1725
494,16663,8792,7871,78,18458,9689,1267,9674,4335,5280,688,8784,4375,4409,8769,579,12,1080,2667,3231,3415,2501
495,15047,7695,7352,79,17661,10037,885,9004,4279,5195,490,8657,3815,4842,7624,395,12,737,2099,3513,3673,2713
496,275,147,128,80,7576,5180,850,3757,1761,2587,435,3819,1226,2593,2396,415,12,396,523,1046,1838,949
497,9240,4938,4302,81,11114,6792,732,5933,2571,3749,397,5181,2138,3043,4322,335,12,241,999,2247,2476,1523
498,75,55,20,1,21044,14156,1498,10980,5136,7518,769,10064,3426,6638,6888,729,13,319,1266,1201,4819,1953
499,14717,7940,6777,2,43774,27827,2355,22910,10278,15066,1364,20864,8103,12761,15947,991,13,1510,1718,3695,9286,4993
500,1998,999,999,3,56429,40728,4426,29854,13581,21962,2434,26575,7809,18766,15701,1992,13,352,423,3915,11277,4117
501,47,28,19,4,9116,6252,814,4846,2140,3357,461,4270,1375,2895,2864,353,13,112,485,909,2379,896
502,78,40,38,5,18320,13657,1800,9477,4238,7089,905,8843,2275,6568,4663,895,13,98,259,1114,4412,1255
503,4342,2143,2199,6,20332,14684,2228,10517,4904,7712,1197,9815,2843,6972,5648,1031,13,275,1261,1632,5420,1717
504,16,10,6,7,12410,8763,1029,6305,2949,4503,495,6105,1845,4260,3647,534,13,77,296,1086,2985,1315
505,101,57,44,8,44576,32386,3622,23311,10384,17363,1866,21265,6242,15023,12190,1756,13,128,214,2905,9853,3395
506,269,159,110,9,18807,13158,1223,9856,4477,6991,653,8951,2784,6167,5649,570,13,285,346,1229,4040,1535
507,101,42,59,10,29683,21945,2026,15174,7060,11456,1002,14509,4020,10489,7738,1024,13,42,134,1363,5900,1705
508,15003,7911,7092,11,19902,13866,2142,10384,4737,7443,1155,9518,3095,6423,6036,987,13,600,2093,2647,4612,1921
509,109,53,56,12,27433,19472,2413,14502,6473,10577,1389,12931,4036,8895,7961,1024,13,613,1195,1710,6412,2436
510,238,131,107,13,38564,27184,2085,19869,9127,14164,1062,18695,5675,13020,11380,1023,13,231,265,1773,8885,2490
511,5243,2799,2444,14,17163,12249,2392,8937,4062,6557,1232,8226,2534,5692,4914,1160,13,119,316,2176,4827,1788
512,10110,5212,4898,15,18347,13265,1936,9653,4659,7060,1035,8694,2489,6205,5082,901,13,190,700,1852,4705,1382
513,306,157,149,16,58301,41065,4213,30585,13766,21954,2323,27716,8605,19111,17236,1890,13,626,1560,3840,12891,5558
514,61,30,31,17,13789,10012,1617,7206,3371,5255,804,6583,1826,4757,3777,813,13,189,1119,1382,3891,1230
515,1759,935,824,18,23961,16086,2327,12119,5704,8379,1053,11842,4135,7707,7875,1274,13,533,369,2746,6120,2504
516,6917,3389,3528,19,18169,12914,1485,9234,4377,6744,759,8935,2765,6170,5255,726,13,219,520,1689,4441,1434
517,13,3,10,20,2667,2019,457,1429,664,1106,252,1238,325,913,648,205,13,37,31,401,804,266
518,77,45,32,21,14825,10724,1273,7824,3483,5756,670,7001,2033,4968,4101,603,13,10,36,907,3249,1093
519,111,71,40,22,14693,10707,1313,7636,3544,5723,721,7057,2073,4984,3986,592,13,98,146,877,3423,1105
520,698,363,335,23,35872,26464,2892,18767,8390,14177,1541,17105,4818,12287,9408,1351,13,161,226,2276,7290,2207
521,61,40,21,24,17728,12404,1523,9365,4006,6682,782,8363,2641,5722,5324,741,13,172,959,1077,4307,1388
522,15122,7992,7130,25,21244,15540,3603,11047,5102,8273,2057,10197,2930,7267,5704,1546,13,1790,3299,2865,5251,1510
523,10101,5270,4831,26,13986,9135,1393,7310,3447,4871,749,6676,2412,4264,4851,644,13,212,770,1817,3119,1313
524,13036,6890,6146,27,25989,17847,2677,13531,6254,9421,1376,12458,4032,8426,8142,1301,13,2932,2101,5304,6851,3180
525,73278,37898,35380,28,129919,90723,11666,66882,31328,47447,5924,63037,19761,43276,39196,5742,13,2597,4477,12176,27189,11973
526,425,239,186,29,45959,33582,4187,24010,10590,17899,2270,21949,6266,15683,12377,1917,13,342,1806,3417,10330,3325
527,33002,17275,15727,30,93502,66880,6649,49670,22404,36629,3772,43832,13581,30251,26622,2877,13,718,1619,7131,20556,6669
528,71,39,32,31,13399,9874,1750,7105,3296,5362,936,6294,1782,4512,3525,814,13,620,362,1672,3687,1107
529,9480,4859,4621,32,11818,8355,1337,6091,2854,4401,657,5727,1773,3954,3463,680,13,182,272,969,2663,1116
530,35,15,20,33,3108,2217,488,1635,754,1184,260,1473,440,1033,891,228,13,43,57,392,925,271
531,2260,1109,1151,34,9461,6568,1053,4948,2276,3444,524,4513,1389,3124,2893,529,13,485,258,1293,2438,1006
532,102,48,54,35,11801,8072,837,6283,2906,4374,478,5518,1820,3698,3729,359,13,55,406,671,2787,1106
533,42,22,20,36,9437,7057,1227,4931,2152,3753,674,4506,1202,3304,2380,553,13,105,170,1029,2552,853
534,1756,937,819,37,20111,14811,2548,10557,5000,7875,1429,9554,2618,6936,5300,1119,13,711,762,2633,5918,1924
535,59,28,31,38,9028,6207,759,4695,2151,3314,409,4333,1440,2893,2821,350,13,247,433,652,2225,846
536,27,15,12,39,14640,10929,1102,7657,3510,5843,656,6983,1897,5086,3711,446,13,330,162,743,2573,1105
537,40,30,10,40,10139,7138,1313,5197,2351,3689,601,4942,1493,3449,3001,712,13,1469,508,1701,2738,1044
538,869,382,487,41,46224,34044,3333,23990,11038,17972,1777,22234,6162,16072,12180,1556,13,241,314,3127,9677,2934
539,84,31,53,42,11587,8178,1404,5987,2726,4286,721,5600,1708,3892,3409,683,13,256,245,1050,3129,1139
540,3352,1814,1538,43,7031,4840,902,3753,1766,2725,518,3278,1163,2115,2191,384,13,492,572,1725,2085,604
541,28,18,10,44,16896,12530,2063,8638,4068,6565,1009,8258,2293,5965,4366,1054,13,187,1376,1533,4641,1325
542,24,20,4,45,9636,6713,700,4985,2349,3603,393,4651,1541,3110,2923,307,13,124,469,587,2226,943
543,22656,11723,10933,46,38952,26686,4209,20153,9542,14073,2045,18799,6186,12613,12266,2164,13,276,1969,4198,9293,3462
544,75,33,42,47,5139,3732,666,2746,1202,2045,371,2393,706,1687,1407,295,13,299,367,1159,1471,498
545,9491,4739,4752,48,277375,212880,19760,146237,63497,114569,12002,131138,32827,98311,64495,7758,13,2435,451,7265,41849,14596
546,103,49,54,49,17379,11233,1622,8802,4269,5764,721,8577,3108,5469,6146,901,13,959,881,2574,4287,1844
547,490,233,257,50,23451,17563,2062,12435,5590,9533,1150,11016,2986,8030,5888,912,13,68,122,1207,4286,1410
548,4071,2060,2011,51,150176,111848,6300,79952,35385,60469,3630,70224,18845,51379,38328,2670,13,700,277,3097,24750,7699
549,275,144,131,52,36079,26148,2607,18615,8670,13751,1375,17464,5067,12397,9931,1232,13,667,747,1858,7558,2796
550,5729,3090,2639,53,18986,12758,2067,9695,4649,6653,1129,9291,3186,6105,6228,938,13,547,860,3078,4897,2435
551,7405,3610,3795,54,35547,25380,2864,18494,8459,13442,1514,17053,5115,11938,10167,1350,13,251,634,3161,8327,2711
552,8104,3958,4146,55,17032,12341,1415,8677,4140,6459,771,8355,2473,5882,4691,644,13,99,562,1465,4224,1334
553,515,272,243,56,37292,26789,2408,19558,8908,14414,1382,17734,5359,12375,10503,1026,13,355,491,1724,7588,2839
554,80,40,40,57,16235,11519,1360,8203,3889,5969,660,8032,2482,5550,4716,700,13,272,675,1164,3916,1581
555,5586,2963,2623,58,16403,11933,1721,8789,3919,6575,980,7614,2256,5358,4470,741,13,102,709,1976,4344,1274
556,2415,1142,1273,59,37674,26511,3147,19559,9156,14026,1624,18115,5630,12485,11163,1523,13,393,2094,3400,9304,3551
557,5038,2764,2274,60,18766,12559,1773,10067,4531,6932,926,8699,3072,5627,6207,847,13,242,650,2168,4621,2018
558,281,135,146,61,54373,41128,4588,27939,13165,21396,2322,26434,6702,19732,13245,2266,13,198,257,2627,10726,3221
559,10029,4860,5169,62,30750,19763,2321,15467,7413,10037,1114,15283,5557,9726,10987,1207,13,2325,2085,4928,7344,3752
560,2210,1127,1083,63,87442,63345,5560,44790,20729,32820,2888,42652,12127,30525,24097,2672,13,1337,1519,4316,18157,6711
561,92,40,52,64,10932,8185,1189,5606,2631,4321,653,5326,1462,3864,2747,536,13,93,335,858,2869,832
562,49,26,23,65,11624,8401,795,5822,2749,4268,383,5802,1669,4133,3223,412,13,34,134,707,2683,728
563,52,28,24,66,12413,8774,828,6440,2918,4618,450,5973,1817,4156,3639,378,13,65,60,636,2599,1119
564,511,214,297,67,53009,37265,3567,27081,12513,19387,1780,25928,8050,17878,15744,1787,13,236,817,3654,12229,4700
565,5475,2818,2657,68,15122,10295,1624,7767,3382,5383,864,7355,2443,4912,4827,760,13,539,836,1963,4030,1906
566,2377,1177,1200,69,119442,83242,4654,61657,28082,43431,2465,57785,17974,39811,36200,2189,13,298,53,3235,23862,9188
567,129,59,70,70,19389,13953,1218,9950,4651,7307,654,9439,2793,6646,5436,564,13,147,153,992,3967,1455
568,40,20,20,71,10376,7439,1392,5202,2364,3751,660,5174,1486,3688,2937,732,13,764,426,1403,3197,912
569,28,12,16,72,10342,7769,817,5378,2411,4057,394,4964,1252,3712,2573,423,13,39,53,553,2040,615
570,18370,9294,9076,73,39772,26457,2840,20242,9700,13763,1396,19530,6836,12694,13315,1444,13,1135,1642,4314,9125,4553
571,147,64,83,74,28490,20780,1804,14473,6836,10780,914,14017,4017,10000,7710,890,13,73,129,1610,6022,2172
572,148,74,74,75,16733,12230,1039,8635,3946,6381,559,8098,2249,5849,4503,480,13,16,20,615,3769,1423
573,841,370,471,76,109093,81335,7857,56689,26431,42926,4143,52404,13995,38409,27758,3714,13,1207,1180,4448,21072,6476
574,5006,2663,2343,77,161069,116299,10063,84747,37988,63528,5843,76322,23551,52771,44770,4220,13,1294,851,7367,30353,12328
575,17902,9355,8547,78,19752,12670,1774,10320,4691,6754,971,9432,3516,5916,7082,803,13,1387,1953,2619,4385,2285
576,76,44,32,79,7706,5670,1114,3933,1868,2959,580,3773,1062,2711,2036,534,13,164,339,916,2274,830
577,18702,9555,9147,80,24173,15926,2347,12412,5654,8405,1275,11761,4240,7521,8247,1072,13,2292,2334,3197,5619,2801
578,1700,889,811,81,34720,24751,2265,18238,8501,13291,1254,16482,5022,11460,9969,1011,13,378,323,2077,8512,3547
579,144,77,67,82,18748,13632,1422,9854,4563,7263,775,8894,2525,6369,5116,647,13,171,82,972,4077,1494
580,406,204,202,83,45382,33113,3268,23397,11040,17454,1669,21985,6326,15659,12269,1599,13,388,295,2342,9919,3432
581,3737,1932,1805,84,40201,28478,3759,21671,9596,15688,2153,18530,5740,12790,11723,1606,13,1565,1649,3210,9674,3228
582,23,10,13,1,21530,15038,1800,11064,4980,7829,918,10466,3257,7209,6492,882,14,154,266,973,4273,1673
583,29,7,22,2,22261,16056,1796,11347,5364,8269,964,10914,3127,7787,6205,832,14,88,261,816,4368,1588
584,17,5,12,3,23362,16604,1948,11991,5757,8607,1016,11371,3374,7997,6758,932,14,42,39,1047,4144,1614
585,4,2,2,4,5385,3839,536,2731,1321,1974,282,2654,789,1865,1546,254,14,13,15,463,1167,415
586,4,2,2,5,15344,10579,950,7822,3613,5411,474,7522,2354,5168,4765,476,14,26,20,804,2892,1365
587,190,93,97,6,60951,44549,6253,31222,14280,22954,3239,29729,8134,21595,16402,3014,14,248,303,4057,12130,4443
588,14,5,9,7,9420,6657,991,4691,2243,3307,461,4729,1379,3350,2763,530,14,18,15,602,1984,779
589,164,60,104,8,77116,54420,4988,40493,18183,29408,2694,36623,11611,25012,22696,2294,14,519,202,3361,15043,4733
590,22,12,10,9,19900,13569,1108,10044,4787,6923,581,9856,3210,6646,6331,527,14,56,23,882,3899,1472
591,8,3,5,10,6717,4373,511,3406,1600,2230,258,3311,1168,2143,2344,253,14,17,26,438,1393,690
592,7,3,4,11,5475,3952,788,2657,1369,1944,368,2818,810,2008,1523,420,14,29,140,604,1374,467
593,5,0,5,12,3899,2966,598,1989,971,1522,302,1910,466,1444,933,296,14,9,27,299,1031,249
594,25,15,10,13,60480,43003,4482,30857,14384,22369,2402,29623,8989,20634,17477,2080,14,129,103,3288,12539,3634
595,13,4,9,14,8264,6124,1032,4291,2036,3186,547,3973,1035,2938,2140,485,14,27,49,1086,1968,727
596,1047,481,566,15,60572,43496,4795,30999,14515,22531,2588,29573,8608,20965,17076,2207,14,310,272,2546,10518,4111
597,42,16,26,16,37963,26082,3085,19437,9104,13608,1623,18526,6052,12474,11881,1462,14,50,142,2853,7730,3088
598,24,10,14,17,12453,8886,1523,6247,3089,4486,738,6206,1806,4400,3567,785,14,67,117,1038,2654,809
599,47,20,27,18,65055,45584,5263,33568,15122,23838,2825,31487,9741,21746,19471,2438,14,80,45,4534,12139,4417
600,4199,2151,2048,19,7341,4410,346,3693,1697,2194,176,3648,1432,2216,2931,170,14,522,708,773,1507,927
601,19,11,8,20,10303,7126,1109,5001,2525,3422,504,5302,1598,3704,3177,605,14,187,193,704,2448,1011
602,75,32,43,21,21584,15521,2119,10833,5113,7858,1046,10751,3088,7663,6063,1073,14,271,238,1761,4824,1743
603,657,303,354,22,41300,28906,3224,20602,9768,14650,1621,20698,6442,14256,12394,1603,14,538,110,2718,8492,4254
604,162,76,86,23,105423,77667,7834,54208,25151,40795,4281,51215,14343,36872,27756,3553,14,114,42,3679,15555,5826
605,38,9,29,24,26687,19416,2935,13690,6631,10041,1547,12997,3622,9375,7271,1388,14,27,95,1832,5763,1994
606,287,135,152,25,17865,13062,1667,9247,4381,6866,898,8618,2422,6196,4803,769,14,42,58,988,3176,1129
607,6,4,2,26,6088,4426,636,2985,1537,2195,330,3103,872,2231,1662,306,14,13,22,376,1235,433
608,220,105,115,27,18138,12255,1775,9026,4290,6138,917,9112,2995,6117,5883,858,14,259,1147,3278,4230,1957
609,1,0,1,28,2120,1596,307,1100,556,831,149,1020,255,765,524,158,14,26,57,162,483,117
610,16,10,6,29,17980,12918,1975,9414,4256,6787,986,8566,2435,6131,5062,989,14,439,453,1014,4414,1315
611,134,69,65,30,50738,37447,5728,26134,11864,19589,3042,24604,6746,17858,13291,2686,14,114,63,2096,8151,3642
612,102,53,49,31,3383,2194,369,1724,824,1127,198,1659,592,1067,1189,171,14,130,167,335,830,380
613,2,2,0,32,6102,4125,577,2999,1402,2091,299,3103,1069,2034,1977,278,14,26,84,498,1348,524
614,27,9,18,33,21479,15300,2066,11018,5077,8060,1038,10461,3221,7240,6179,1028,14,87,229,1699,4558,1507
615,0,0,0,34,1862,1423,317,902,463,677,144,960,214,746,439,173,14,9,15,196,465,113
616,34,9,25,35,53555,37452,4296,27789,13160,19725,2363,25766,8039,17727,16103,1933,14,161,303,2878,11043,3858
617,11,7,4,36,19847,14038,1984,10302,4739,7390,1021,9545,2897,6648,5809,963,14,10,37,1289,3521,1506
618,113,54,59,37,24312,17793,2349,12649,6088,9294,1279,11663,3164,8499,6519,1070,14,112,29,1236,4375,1686
619,2,2,0,38,4184,3118,649,2044,1015,1515,331,2140,537,1603,1066,318,14,45,56,443,994,322
620,4531,2029,2502,39,1460148,1133735,139514,755866,347721,593942,80071,704282,164489,539793,326413,59443,14,1650,228,44708,184345,58618
621,29,13,16,40,9761,6762,1053,4765,2408,3347,518,4996,1581,3415,2999,535,14,41,120,617,2233,894
622,23,7,16,41,5633,4215,887,2931,1393,2245,491,2702,732,1970,1418,396,14,16,64,605,1334,388
623,868,444,424,42,8787,6063,1039,4589,2092,3228,569,4198,1363,2835,2724,470,14,184,268,668,1891,778
624,60,36,24,43,24563,17743,2483,12116,5925,8805,1202,12447,3509,8938,6820,1281,14,232,189,2112,5273,2067
625,251,89,162,44,53045,35328,2300,26857,12713,18163,1132,26188,9023,17165,17717,1168,14,36,39,1503,11933,5680
626,39,9,30,45,19070,13456,1777,9848,4601,7067,931,9222,2833,6389,5614,846,14,402,154,1032,4217,1383
627,59,29,30,46,33777,23061,2658,17093,7940,11860,1406,16684,5483,11201,10716,1252,14,142,171,1833,6223,2185
628,78,35,43,47,24753,17353,1866,12419,6193,8786,952,12334,3767,8567,7400,914,14,38,18,1419,4455,2206
629,32,11,21,48,19469,13778,2141,10650,4751,7661,1169,8819,2702,6117,5691,972,14,68,138,1013,4088,937
630,14,2,12,49,9917,7024,845,4936,2421,3499,427,4981,1456,3525,2893,418,14,81,242,914,2609,844
631,105,47,58,50,46521,31604,3730,23600,10936,16088,1788,22921,7405,15516,14917,1942,14,216,85,1612,7982,3952
632,35,14,21,51,17955,12287,1050,8990,4389,6177,482,8965,2855,6110,5668,568,14,50,25,633,3724,1421
633,5,2,3,52,5638,3993,687,2867,1333,2083,348,2771,861,1910,1645,339,14,36,62,436,1267,437
634,68,39,29,53,164981,114266,10418,84399,39248,59304,5557,80582,25620,54962,50715,4861,14,602,1085,7689,28836,12687
635,0,0,0,54,5379,4182,937,2699,1288,2107,460,2680,605,2075,1197,477,14,19,21,590,1281,330
636,36,5,31,55,22643,15543,1889,11357,5604,7877,956,11286,3620,7666,7100,933,14,131,81,1165,4582,2030
637,1,0,1,56,2028,1492,281,1021,521,754,138,1007,269,738,536,143,14,42,136,393,546,195
638,1,1,0,57,3688,2777,456,1910,823,1439,229,1778,440,1338,911,227,14,9,25,286,755,183
639,13,0,13,58,14477,10721,1804,7417,3462,5459,898,7060,1798,5262,3756,906,14,30,124,1035,2875,972
640,38,16,22,59,13799,9601,1048,7195,3237,5082,562,6604,2085,4519,4198,486,14,62,123,770,2554,1021
641,5,2,3,60,5088,3809,740,2731,1279,2105,420,2357,653,1704,1279,320,14,37,34,341,1373,315
642,13107,6928,6179,61,19452,11510,1288,10107,4623,6131,656,9345,3966,5379,7942,632,14,1356,2341,2454,4191,1985
643,2,0,2,62,3526,2605,477,1758,834,1306,254,1768,469,1299,921,223,14,14,63,404,902,245
644,221,104,117,63,99461,71588,7053,50920,23655,37183,3808,48541,14136,34405,27873,3245,14,661,259,4317,16261,6943
645,48,24,24,64,32357,21467,2248,16734,8055,11297,1128,15623,5453,10170,10890,1120,14,398,796,1941,6853,2625
646,7,3,4,65,11192,8265,1490,5542,2683,4163,760,5650,1548,4102,2927,730,14,49,114,1317,3009,792
647,159,72,87,66,51944,33707,3200,26464,12319,17213,1634,25480,8986,16494,18237,1566,14,530,215,3062,9244,4599
648,2383,989,1394,67,275640,201625,14121,137861,64742,102230,7199,137779,38384,99395,74015,6922,14,1399,603,6057,39663,18946
649,25,14,11,68,10704,7650,1463,5147,2434,3732,668,5557,1639,3918,3054,795,14,100,186,1340,2682,872
650,5,3,2,69,8379,6362,1273,4362,2028,3408,660,4017,1063,2954,2017,613,14,47,203,1078,2168,553
651,616,229,387,70,183437,123080,6980,92204,42938,61792,3383,91233,29945,61288,60357,3597,14,2066,575,6331,35086,17099
652,50,27,23,71,3117,2243,362,1558,770,1144,180,1559,460,1099,874,182,14,21,40,161,791,251
653,6,4,2,72,7349,5005,600,3810,1744,2602,313,3539,1136,2403,2344,287,14,40,87,398,1466,593
654,69,31,38,73,69725,48399,4111,35192,16991,24703,2121,34533,10837,23696,21326,1990,14,668,359,2950,11955,4914
655,66,26,40,74,15890,11421,1322,8372,3791,6104,683,7518,2201,5317,4469,639,14,50,42,680,2813,890
656,3,3,0,75,3783,2676,406,1901,938,1362,187,1882,568,1314,1107,219,14,10,18,195,763,305
657,94,45,49,76,3122,2222,353,1574,723,1117,187,1548,443,1105,900,166,14,68,34,131,806,264
658,27,18,9,77,27777,20234,3458,14223,6464,10438,1742,13554,3758,9796,7543,1716,14,102,146,2728,6315,2140
659,9,0,9,78,32960,23551,2782,16867,7985,12342,1433,16093,4884,11209,9409,1349,14,169,220,1644,6091,1761
660,34,12,22,79,14278,10180,1120,7468,3490,5393,607,6810,2023,4787,4098,513,14,55,57,1057,2771,1135
661,5,1,4,80,5643,4258,850,2691,1401,1992,379,2952,686,2266,1385,471,14,32,77,807,1392,429
662,3,1,2,81,3033,2273,536,1582,726,1197,281,1451,375,1076,760,255,14,8,48,461,782,240
663,151,61,90,82,36778,25899,2831,19172,8866,13690,1491,17606,5397,12209,10879,1340,14,45,72,1728,5808,2607
664,476,239,237,83,80365,55585,4889,40833,19635,28582,2490,39532,12529,27003,24780,2399,14,303,130,3404,14591,6208
665,32,14,18,84,15126,10957,1723,7511,3731,5496,876,7615,2154,5461,4169,847,14,84,151,1287,3203,1138
666,68,25,43,85,38396,28464,4395,19704,9318,14745,2348,18692,4973,13719,9932,2047,14,208,171,3313,7444,2088
667,17,6,11,86,19506,13015,1246,10017,4641,6904,641,9489,3378,6111,6491,605,14,274,231,1261,3652,1730
668,16,2,14,87,16579,11954,1899,8483,3872,6256,999,8096,2398,5698,4625,900,14,16,154,1397,3467,1042
669,12,6,6,88,17257,12331,1901,8718,4007,6324,954,8539,2532,6007,4926,947,14,88,126,1097,4086,1289
670,1,0,1,89,3703,2679,430,1876,855,1379,212,1827,527,1300,1024,218,14,11,38,369,855,279
671,6,3,3,90,7005,5130,945,3504,1638,2611,468,3501,982,2519,1875,477,14,41,40,638,1666,477
672,68,33,35,91,41278,28842,3924,21452,9801,15328,2110,19826,6312,13514,12436,1814,14,301,499,3653,8827,2892
673,9,4,5,92,10317,7636,1405,5263,2574,3900,717,5054,1318,3736,2681,688,14,42,103,943,2645,863
674,205,59,146,93,141322,99581,9729,72222,34468,51483,5126,69100,21002,48098,41741,4603,14,472,233,4215,22389,7512
675,60,19,41,94,42009,28609,2825,21354,10230,14713,1455,20655,6759,13896,13400,1370,14,182,233,1693,7254,3376
676,14,4,10,95,9608,7002,1087,4903,2247,3597,528,4705,1300,3405,2606,559,14,17,55,860,1853,694
677,41,22,19,96,20961,14615,2077,10796,4948,7636,1063,10165,3186,6979,6346,1014,14,118,167,1465,4253,1635
678,2782,1435,1347,97,549442,363311,16328,279741,133789,187024,8245,269701,93414,176287,186131,8083,14,987,326,9496,92117,41361
679,4307,1960,2347,98,664193,472334,36852,335391,156359,241246,20278,328802,97714,231088,191859,16574,14,3546,850,17579,99399,43696
680,33,6,27,99,10310,7313,1119,5183,2495,3751,562,5127,1565,3562,2997,557,14,179,270,1033,2402,862
681,657,331,326,100,35824,24849,2997,17606,8485,12054,1418,18218,5423,12795,10975,1579,14,346,582,2864,8274,3451
682,2504,1261,1243,101,536111,369523,21356,273552,132136,189947,11348,262559,82983,179576,166588,10008,14,2785,1003,13913,80864,39283
683,4,2,2,102,5960,4432,785,3028,1460,2268,409,2932,768,2164,1528,376,14,6,23,305,1324,354
684,11,4,7,103,7919,5863,808,3964,1944,2958,408,3955,1050,2905,2056,400,14,16,18,597,1731,628
685,47,25,22,104,4412,3322,757,2193,1084,1695,401,2219,592,1627,1090,356,14,46,61,443,1102,308
686,13,5,8,105,23171,16184,2092,11676,5667,8290,1075,11495,3601,7894,6987,1017,14,166,95,1083,5117,1908
687,153,78,75,106,4229,3050,529,2081,1018,1511,256,2148,609,1539,1179,273,14,71,100,362,1094,377
688,15,6,9,107,6156,4232,655,3210,1540,2197,329,2946,911,2035,1924,326,14,45,26,386,1260,461
689,199,84,115,108,34535,24439,2875,17774,8123,12899,1538,16761,5221,11540,10096,1337,14,43,55,1584,6438,2602
690,28,8,20,109,17915,12544,1532,9248,4415,6628,818,8667,2751,5916,5371,714,14,129,317,1021,3751,1455
691,20,8,12,110,13446,9848,1742,6948,3240,5180,858,6498,1830,4668,3598,884,14,48,56,1252,2700,820
692,2,2,0,111,6924,4928,640,3503,1650,2489,316,3421,982,2439,1996,324,14,30,39,237,1281,375
693,13,4,9,112,5389,3993,675,2759,1177,2103,351,2630,740,1890,1396,324,14,32,21,445,1119,311
694,192,92,100,113,16105,11488,1744,8258,3850,5970,929,7847,2329,5518,4617,815,14,169,197,1019,3763,1251
695,27,16,11,114,17824,12711,1883,9093,4263,6572,923,8731,2592,6139,5113,960,14,18,31,973,3652,1386
696,337,170,167,115,5417,3755,743,2756,1293,1961,404,2661,867,1794,1662,339,14,172,184,448,1243,454
697,19,6,13,116,20257,13906,1515,10545,4833,7364,783,9712,3170,6542,6351,732,14,78,68,1442,3714,1365
698,5,2,3,117,4110,3052,590,2090,1011,1582,301,2020,550,1470,1058,289,14,19,50,293,1078,233
699,8,3,5,118,22586,16460,2749,11774,5375,8766,1458,10812,3118,7694,6126,1291,14,411,210,1495,5403,1291
700,42,12,30,119,28205,20186,2922,14167,6865,10273,1523,14038,4125,9913,8019,1399,14,143,235,1696,5543,2277
701,12820,6340,6480,120,1332272,991667,82237,682601,320658,513639,45585,649671,171643,478028,340605,36652,14,5521,806,29718,161114,64924
702,325,113,212,121,29190,21492,2830,14908,7193,11098,1422,14282,3888,10394,7698,1408,14,66,42,1949,5682,2013
703,15,3,12,122,7027,4932,839,3468,1592,2459,452,3559,1086,2473,2095,387,14,78,91,739,1626,670
704,26,10,16,123,17893,12555,1544,8966,4279,6339,762,8927,2711,6216,5338,782,14,68,139,1255,4017,1557
705,136,37,99,124,68519,48004,4825,34803,16757,24709,2551,33716,10421,23295,20515,2274,14,548,420,2198,13602,5478
706,73,41,32,125,18952,12753,1374,9858,4702,6877,729,9094,3218,5876,6199,645,14,234,115,898,3929,1265
707,8997,4816,4181,1,66034,44281,5006,34159,15480,23386,2732,31875,10980,20895,21753,2274,15,2567,4699,7083,15087,6637
708,1775,1015,760,2,152506,110255,7197,77939,35759,57611,3786,74567,21923,52644,42251,3411,15,6124,1940,6694,31280,15211
709,2833,1506,1327,3,49026,33942,3487,25003,11781,17408,1799,24023,7489,16534,15084,1688,15,1276,3321,4108,12065,5121
710,25,18,7,4,14846,10017,1105,7724,3539,5327,592,7122,2432,4690,4829,513,15,436,611,1088,3416,1427
711,1039,551,488,5,176237,119592,7355,89535,41084,61884,4118,86702,28994,57708,56645,3237,15,4104,5011,13511,37081,16891
712,47,21,26,6,11126,7981,707,5769,2608,4213,393,5357,1589,3768,3145,314,15,11,22,803,1789,965
713,1744,921,823,7,24669,16746,1487,12751,5879,8709,800,11918,3881,8037,7923,687,15,261,878,3155,5792,2378
714,21,6,15,8,26610,18750,3143,13746,6465,9732,1612,12864,3846,9018,7860,1531,15,951,1000,1958,6350,2142
715,194,107,87,9,50904,37095,3546,26319,11970,19673,1963,24585,7163,17422,13809,1583,15,235,382,2465,9558,4500
716,91,62,29,10,29347,21362,1657,15058,6976,11090,867,14289,4017,10272,7985,790,15,181,145,2006,5958,1992
717,1110,524,586,11,62392,44777,3215,32251,14882,23272,1660,30141,8636,21505,17615,1555,15,1092,83,2249,12796,5882
718,193,100,93,12,11875,8254,515,6168,2754,4326,256,5707,1779,3928,3621,259,15,5,10,741,1893,1032
719,8497,4643,3854,13,523296,404818,35141,272572,121354,213592,18820,250724,59498,191226,118478,16321,15,218,66,19284,73417,32296
720,13650,7484,6166,14,100675,70043,5360,52655,24277,37698,3275,48020,15675,32345,30632,2085,15,1191,1930,7098,19559,8587
721,59,35,24,15,30945,22343,2413,15807,7071,11654,1240,15138,4449,10689,8602,1173,15,376,552,2173,6355,3009
722,117,79,38,16,27709,19505,1991,14103,6475,10135,966,13606,4236,9370,8204,1025,15,264,346,1910,6233,2610
723,29,17,12,17,9863,7094,585,5081,2317,3631,304,4782,1319,3463,2769,281,15,33,104,486,2064,973
724,180,70,110,18,56574,40385,2934,29032,13538,20893,1582,27542,8050,19492,16189,1352,15,128,87,2475,9657,3904
725,101,62,39,19,35495,25422,2060,18404,8352,13297,1160,17091,4966,12125,10073,900,15,145,68,2031,5875,2573
726,1762,814,948,20,284462,224044,20381,149103,66888,118737,11432,135359,30052,105307,60418,8949,15,51,34,10163,35636,10773
727,53,25,28,21,39897,26348,2317,20660,9344,14027,1316,19237,6916,12321,13549,1001,15,568,1094,2558,8459,3929
728,192,96,96,22,14414,10487,986,7480,3394,5520,544,6934,1967,4967,3927,442,15,280,88,690,2570,1349
729,471,208,263,23,41810,29454,2230,21398,9844,15252,1148,20412,6210,14202,12356,1082,15,133,78,2109,7533,3399
730,1163,639,524,24,149550,111590,5896,76625,34332,57984,3164,72925,19319,53606,37960,2732,15,16,84,4474,19314,7706
731,7688,4043,3645,25,343701,247715,14369,176328,82967,129640,7136,167373,49298,118075,95986,7233,15,5770,3027,19252,66779,34940
732,2948,1548,1400,26,28289,18985,1783,14587,6948,9905,972,13702,4622,9080,9304,811,15,352,1679,1923,6547,2825
733,45,27,18,27,11764,8290,630,6019,2783,4277,330,5745,1732,4013,3474,300,15,39,21,466,1969,940
734,265,144,121,28,29159,21307,1916,14840,6900,11092,1028,14319,4104,10215,7852,888,15,289,62,1223,4968,2395
735,2417,1301,1116,29,204107,146061,8991,106846,49090,77488,4719,97261,28688,68573,58046,4272,15,799,40,8081,33218,18765
736,601,309,292,30,25543,18386,1362,12903,6089,9466,788,12640,3720,8920,7157,574,15,335,68,1232,4131,2062
737,21933,11381,10552,31,679811,484175,27203,348045,162998,253099,14313,331766,100690,231076,195636,12890,15,9001,752,40238,125660,72111
738,7063,3752,3311,32,34000,21848,1584,17456,7963,11459,941,16544,6155,10389,12152,643,15,1279,1893,3878,7423,3858
739,27915,14161,13754,33,1677678,1284623,115690,863201,392635,668562,63225,814477,198416,616061,393055,52465,15,6604,875,78280,256494,108274
740,18,12,6,34,9414,6407,568,4804,2218,3329,300,4610,1532,3078,3007,268,15,103,224,733,2013,1048
741,1983,906,1077,35,128486,86840,3679,65378,30466,45134,2029,63108,21402,41706,41646,1650,15,368,267,3547,25253,12491
742,174,97,77,36,43784,30803,2854,21857,10013,15751,1361,21927,6875,15052,12981,1493,15,286,492,3170,9094,3946
743,4523,2835,1688,37,267858,206235,21894,140372,64292,110082,11441,127486,31333,96153,61623,10453,15,1232,294,9558,30829,15509
744,152,75,77,38,11726,8186,670,5922,2716,4216,360,5804,1834,3970,3540,310,15,18,423,674,2156,1112
745,10616,5277,5339,39,495563,358734,20434,252840,116152,185710,10336,242723,69699,173024,136829,10098,15,7558,2393,22415,80988,41646
746,86,41,45,40,35552,24919,2368,18474,8293,13192,1256,17078,5351,11727,10633,1112,15,1023,584,1736,7267,3174
747,236,128,108,41,6791,4469,526,3365,1615,2225,271,3426,1182,2244,2322,255,15,139,374,1052,1643,787
748,21751,11957,9794,42,153184,106389,8975,79898,36116,56866,5253,73286,23763,49523,46795,3722,15,5639,8973,11536,32409,13391
749,289,129,160,43,29572,20626,1419,15292,7074,10921,771,14280,4575,9705,8946,648,15,440,272,2568,5918,3027
750,184,74,110,44,27825,20597,1601,14441,6738,10873,851,13384,3660,9724,7228,750,15,27,27,1229,4569,1723
751,321,176,145,45,87927,62151,5763,45182,20628,32342,3101,42745,12936,29809,25776,2662,15,2664,4426,6281,20530,7591
752,174,93,81,46,19013,13500,1247,9834,4400,7089,712,9179,2768,6411,5513,535,15,41,196,1211,3431,1697
753,6377,3580,2797,47,74314,50213,4505,38477,17587,26650,2522,35837,12274,23563,24101,1983,15,514,2361,6742,16021,7036
754,2246,1299,947,48,65291,46604,4409,33974,15185,24651,2472,31317,9364,21953,18687,1937,15,977,2376,5848,14558,5605
755,85,44,41,49,13857,9560,857,7071,3090,4968,464,6786,2194,4592,4297,393,15,54,73,1544,3032,1473
756,46,27,19,50,25436,17803,1446,13030,6055,9233,741,12406,3836,8570,7633,705,15,375,144,1490,5400,2753
757,3106,1500,1606,51,146654,104747,8753,75569,35264,54303,4640,71085,20641,50444,41907,4113,15,417,848,7521,27075,10945
758,55,26,29,52,27482,19444,2344,14065,6493,10122,1247,13417,4095,9322,8038,1097,15,490,620,2907,6015,2568
759,958,471,487,53,57152,40864,2867,29391,13463,21291,1573,27761,8188,19573,16288,1294,15,187,140,3126,9372,4719
760,1230,685,545,54,227827,176390,16028,117332,52216,92868,8920,110495,26973,83522,51437,7108,15,917,315,7189,25197,10625
761,54,22,32,55,12796,9254,792,6660,3008,4878,444,6136,1760,4376,3542,348,15,124,38,602,2002,888
762,5093,2693,2400,56,29862,20454,2470,15534,6991,10984,1395,14328,4858,9470,9408,1075,15,782,1950,3503,6870,3027
763,22477,12194,10283,57,844219,649190,74939,436925,194999,341018,41308,407294,99122,308172,195029,33631,15,1331,359,36914,123122,65209
764,13966,7007,6959,58,1039867,810489,91761,542519,242616,428770,51793,497348,115629,381719,229378,39968,15,1791,713,58103,154615,77246
765,559,286,273,59,39666,27352,1562,20107,9151,14275,834,19559,6482,13077,12314,728,15,303,180,1593,8628,4689
766,9591,5121,4470,60,410118,296199,20834,212214,98330,156174,11038,197904,57879,140025,113919,9796,15,5284,1483,21933,70927,32726
767,26,20,6,61,8960,6362,700,4572,2018,3278,348,4388,1304,3084,2598,352,15,26,79,487,1938,750
768,1323,732,591,62,66190,48340,3932,33984,15720,25235,2174,32206,9101,23105,17850,1758,15,614,206,2806,11021,4475
769,1627,864,763,63,34485,22973,2043,17769,8343,11926,1088,16716,5669,11047,11512,955,15,634,918,3478,7417,3490
770,5221,2826,2395,64,37343,25394,2619,19430,9239,13488,1568,17913,6007,11906,11949,1051,15,610,2074,3194,7948,3552
771,117,58,59,65,35274,25248,2366,17853,8194,13119,1202,17421,5292,12129,10026,1164,15,145,166,2119,7435,2855
772,4,1,3,66,3872,2598,366,1925,920,1315,191,1947,664,1283,1274,175,15,49,115,480,926,356
773,6293,3414,2879,67,84519,58163,3780,43092,19971,30251,2160,41427,13515,27912,26356,1620,15,148,1161,5188,15201,6970
774,74,36,38,68,29114,20962,1880,15194,6855,11130,1052,13920,4088,9832,8152,828,15,388,436,1701,5521,2670
775,7,2,5,69,3963,2967,237,2046,897,1571,127,1917,521,1396,996,110,15,8,5,141,742,277
776,12942,6484,6458,70,293725,210426,14189,148692,69488,108464,8134,145033,43071,101962,83299,6055,15,9082,503,15540,54346,31250
777,42,23,19,71,13851,9940,1148,7144,3364,5189,576,6707,1956,4751,3911,572,15,37,461,958,3273,1204
778,26,12,14,72,13261,9478,800,6792,3144,4890,420,6469,1881,4588,3783,380,15,26,26,842,2421,957
779,94,50,44,73,27230,18752,906,13923,6507,9735,506,13307,4290,9017,8478,400,15,56,26,865,4149,1738
780,34049,18581,15468,74,134143,86494,6651,70310,31492,46476,4180,63833,23815,40018,47649,2471,15,7548,11137,13103,27266,13500
781,226,121,105,75,26960,19800,1707,13834,6343,10324,893,13126,3650,9476,7160,814,15,324,83,1016,5461,2145
782,245,116,129,76,75511,54163,3620,38792,17925,28158,1882,36719,10714,26005,21348,1738,15,1132,159,3179,11885,5129
783,6,5,1,77,6010,3961,481,3094,1361,2067,256,2916,1022,1894,2049,225,15,20,276,438,1356,541
784,12,5,7,78,9682,6724,804,4901,2366,3492,428,4781,1549,3232,2958,376,15,183,162,820,2142,913
785,40,17,23,79,13290,9476,941,6752,3079,4851,488,6538,1913,4625,3814,453,15,121,714,1020,3273,1164
786,689,365,324,80,26832,17828,2437,14172,6203,9693,1355,12660,4525,8135,9004,1082,15,635,1613,2330,5914,2681
787,5145,2367,2778,81,446008,317451,17692,229499,107231,165890,10343,216509,64948,151561,128557,7349,15,941,146,14268,71095,36174
788,88,16,72,82,77799,51631,6293,40389,18999,27563,3411,37410,13342,24068,26168,2882,15,1762,2538,4548,16120,6997
789,266,116,150,83,12984,9169,720,6707,3211,4820,402,6277,1928,4349,3815,318,15,140,28,527,2495,1212
790,400,227,173,84,38622,27700,2768,19554,9274,14285,1379,19068,5653,13415,10922,1389,15,431,260,2087,8557,3724
791,10980,5873,5107,85,63721,43966,5002,33544,15009,23617,2720,30177,9828,20349,19755,2282,15,869,3202,6643,13785,5624
792,1901,983,918,86,31631,20860,2222,16250,7572,10908,1246,15381,5429,9952,10771,976,15,493,1769,3378,7283,3337
793,24522,12815,11707,87,103834,68272,4469,53817,24476,35816,2568,50017,17561,32456,35562,1901,15,484,2805,8303,19975,10028
794,180,89,91,88,97891,68088,6189,50679,22947,36179,3480,47212,15303,31909,29803,2709,15,2765,2162,8122,18892,9652
795,92,40,52,89,12470,8956,852,6322,2954,4636,458,6148,1828,4320,3514,394,15,40,70,564,2626,1190
796,371,179,192,90,86380,60277,4784,44366,20309,31501,2671,42014,13238,28776,26103,2113,15,1362,891,7344,16754,7754
797,274,116,158,91,66518,47540,3642,33973,15767,24563,1997,32545,9568,22977,18978,1645,15,207,322,2975,12439,5008
798,734,410,324,92,56993,41236,3401,29211,13277,21590,1767,27782,8136,19646,15757,1634,15,515,102,2028,11171,4212
799,184,84,100,93,30680,22276,2181,15572,7428,11496,1086,15108,4328,10780,8404,1095,15,252,293,1549,5759,2669
800,120,73,47,94,19843,14479,1486,10099,4417,7536,771,9744,2801,6943,5364,715,15,495,401,1163,4018,1846
801,549,211,338,95,94198,69783,5290,48665,21735,36454,2882,45533,12204,33329,24415,2408,15,2255,513,4104,16082,6530
802,142,67,75,96,36902,26794,2370,18739,8917,13811,1231,18163,5180,12983,10108,1139,15,1022,198,1787,8110,2634
803,11,2,9,97,19206,12628,1188,9920,4519,6695,646,9286,3353,5933,6578,542,15,325,711,1515,4242,1990
804,53,23,30,98,5246,3755,312,2683,1267,1949,168,2563,757,1806,1491,144,15,2,13,403,1060,479
805,4243,2033,2210,99,240749,182250,15499,126832,61015,95976,8561,113917,27643,86274,58499,6938,15,2818,773,10997,37837,18265
806,896,448,448,100,41333,29163,2014,20899,9810,14947,1066,20434,6218,14216,12170,948,15,3896,143,1772,8434,3860
807,663,324,339,101,77147,53929,4462,39997,17834,28373,2435,37150,11594,25556,23218,2027,15,320,679,5952,13537,6803
808,836,446,390,102,15664,11238,1338,8183,3745,5994,793,7481,2237,5244,4426,545,15,290,403,1526,3792,1202
809,196,109,87,103,47390,35450,3849,24873,11273,18850,2094,22517,5917,16600,11940,1755,15,108,126,2184,8399,3854
810,10765,5688,5077,104,700734,555189,67487,363658,162175,292396,37623,337076,74283,262793,145545,29864,15,338,265,34968,98494,44888
811,44,28,16,105,34937,24617,4308,17792,8462,12804,2265,17145,5332,11813,10320,2043,15,894,1632,2968,8569,3131
812,23822,12006,11816,106,873536,640198,50266,455009,208842,337832,28093,418527,116161,302366,233338,22173,15,8728,5368,40873,139871,54149
813,29,6,23,107,12324,9101,1371,6347,2906,4786,733,5977,1662,4315,3223,638,15,89,40,722,2630,893
814,2163,1055,1108,108,150182,109706,5937,77014,34798,56890,3193,73168,20352,52816,40476,2744,15,119,95,6140,23921,10525
815,5504,2920,2584,109,520557,395106,29684,267602,125284,205829,15356,252955,63678,189277,125451,14328,15,712,321,23329,77796,30718
816,586,325,261,110,65703,46805,3890,33723,15547,24546,2109,31980,9721,22259,18898,1781,15,811,1037,4212,13990,5228
817,3583,1993,1590,111,52641,34236,2781,27045,12752,17989,1616,25596,9349,16247,18405,1165,15,1251,2837,4658,11337,5580
818,684,401,283,112,47151,32014,2934,23684,10989,16416,1592,23467,7869,15598,15137,1342,15,535,2348,4421,10461,5088
819,85,22,63,113,67929,45512,3726,34588,16585,23507,2064,33341,11336,22005,22417,1662,15,772,1317,5024,15027,7189
820,5369,2872,2497,114,104612,66450,5048,53049,24513,34181,2993,51563,19294,32269,38162,2055,15,6344,9197,9922,21901,11353
821,926,523,403,115,51646,37061,2839,25662,12208,18750,1489,25984,7673,18311,14585,1350,15,185,382,2802,8971,3828
822,3,1,2,116,4137,2749,310,2084,1024,1400,158,2053,704,1349,1388,152,15,19,25,322,880,297
823,9,4,5,117,14958,10238,1443,7820,3560,5525,808,7138,2425,4713,4720,635,15,776,1082,1171,3385,1646
824,1298,681,617,118,188927,132344,8641,96424,43356,68894,4555,92503,29053,63450,56583,4086,15,1534,1111,11139,32701,13997
825,21,13,8,119,16927,11185,1216,8858,4068,6030,659,8069,2914,5155,5742,557,15,659,571,1914,3617,1769
826,1317,639,678,120,199069,137733,8897,102915,47568,72085,5044,96154,30506,65648,61336,3853,15,1516,364,7312,38832,17647
827,3737,1809,1928,121,531041,410064,34883,274001,125065,214756,18490,257040,61732,195308,120977,16393,15,3179,330,18307,66777,22049
828,11339,5782,5557,122,396157,283468,17337,204363,93700,148679,8982,191794,57005,134789,112689,8355,15,634,200,23553,69982,44918
829,18,6,12,123,27860,18477,2696,14180,6510,9598,1341,13680,4801,8879,9383,1355,15,1297,1148,2599,6268,2440
830,12929,7348,5581,124,93878,58402,4811,47617,22816,30241,2868,46261,18100,28161,35476,1943,15,4377,9493,9305,19326,10374
831,160,82,78,125,9728,6794,461,4967,2229,3491,231,4761,1458,3303,2934,230,15,157,12,455,1755,888
832,28,19,9,1,11425,7976,1068,5968,2731,4233,597,5457,1714,3743,3449,471,16,221,298,805,2553,1080
833,102,50,52,2,15241,10517,1504,7641,3585,5282,733,7600,2365,5235,4724,771,16,190,231,1091,3641,1387
834,26,12,14,3,21651,15212,1885,11143,5141,7947,981,10508,3243,7265,6439,904,16,36,129,1212,4906,1642
835,15,9,6,4,15193,11120,1913,7937,3635,5855,1012,7256,1991,5265,4073,901,16,80,273,1566,3787,1083
836,18,10,8,5,11120,7740,950,5754,2716,4146,542,5366,1772,3594,3380,408,16,94,150,854,2278,1106
837,580,247,333,6,128250,89101,7822,65289,30821,45890,3929,62961,19750,43211,39149,3893,16,1840,1319,5152,25247,10956
838,3,1,2,7,3218,2235,246,1659,766,1180,134,1559,504,1055,983,112,16,60,136,301,716,317
839,9001,4520,4481,8,24864,15921,2027,12488,6041,7991,1005,12376,4446,7930,8943,1022,16,1216,1526,4172,5483,2706
840,33,21,12,9,36549,24767,2881,18985,8882,13104,1565,17564,5901,11663,11782,1316,16,450,2191,2715,8351,3508
841,41,12,29,10,22138,15419,1995,11309,5228,7955,1011,10829,3365,7464,6719,984,16,447,524,1641,5152,1789
842,3,2,1,11,11328,7915,1010,5799,2778,4090,541,5529,1704,3825,3413,469,16,15,32,1138,2296,920
843,1012,467,545,12,47498,32509,2999,23326,11203,15933,1495,24172,7596,16576,14989,1504,16,438,502,1808,10816,4722
844,2,0,2,13,9485,6439,1084,4772,2272,3300,556,4713,1574,3139,3046,528,16,332,257,785,2244,981
845,133,79,54,14,14392,10207,1309,6952,3467,4932,627,7440,2165,5275,4185,682,16,73,122,1407,3317,1338
846,93,41,52,15,18444,12908,1822,9293,4351,6555,910,9151,2798,6353,5536,912,16,206,294,1508,4147,1520
847,4097,2192,1905,16,20749,15426,3192,11044,5026,8405,1670,9705,2684,7021,5323,1522,16,263,464,1647,5394,1474
848,66,43,23,17,34193,22923,2833,17673,8194,12085,1473,16520,5682,10838,11270,1360,16,356,1160,2713,8068,3234
849,4,0,4,18,9151,6528,900,4801,2110,3477,447,4350,1299,3051,2623,453,16,14,58,563,2184,700
850,24,2,22,19,19018,13585,1900,9963,4745,7328,1029,9055,2798,6257,5433,871,16,142,72,1402,3869,1436
851,36,13,23,20,29681,21173,3091,15513,7027,11253,1590,14168,4248,9920,8508,1501,16,110,293,3101,6445,2403
852,5945,3204,2741,21,12373,8765,1029,6565,2843,4722,553,5808,1765,4043,3608,476,16,153,1171,1432,2913,1323
853,39,17,22,22,21784,15193,1905,11128,5073,7919,912,10656,3382,7274,6591,993,16,93,129,1293,4626,1649
854,45,17,28,23,10258,7499,1304,5301,2424,3881,691,4957,1339,3618,2759,613,16,35,72,989,2427,848
855,3967,2108,1859,24,19081,12923,1439,10017,4518,6919,759,9064,3060,6004,6158,680,16,466,1777,1758,3959,1541
856,21005,11043,9962,25,39035,27432,2756,20444,9356,14609,1533,18591,5768,12823,11603,1223,16,382,3296,4444,8283,3597
857,179,86,93,26,5032,3519,530,2394,1193,1669,257,2638,788,1850,1513,273,16,37,118,786,1173,464
858,4,0,4,27,4559,3473,762,2382,1123,1882,395,2177,586,1591,1086,367,16,183,184,439,1334,338
859,8,4,4,28,5016,3943,931,2650,1197,2136,501,2366,559,1807,1073,430,16,62,71,663,1248,351
860,10,4,6,29,15455,10449,1376,7790,3680,5336,686,7665,2552,5113,5006,690,16,279,796,1811,3342,1866
861,14,8,6,30,12788,9806,2044,6856,2997,5388,1122,5932,1514,4418,2982,922,16,61,147,1911,3049,688
862,39,19,20,31,16622,11427,1679,8442,4065,5989,820,8180,2742,5438,5195,859,16,125,412,1585,4353,1510
863,3167,1735,1432,32,15291,10856,1589,7996,3541,5760,807,7295,2199,5096,4435,782,16,140,900,1493,3635,1227
864,24,15,9,33,22707,15842,1740,11436,5197,8086,905,11271,3515,7756,6865,835,16,299,453,1259,5512,2196
865,116,58,58,34,122619,84404,8200,62975,29661,44382,4238,59644,19622,40022,38215,3962,16,1853,2697,8572,24993,11261
866,46,21,25,35,34243,23692,3143,17293,8196,12103,1562,16950,5361,11589,10551,1581,16,635,1180,2912,8206,3511
867,10,1,9,36,11723,8717,1572,6268,2819,4834,860,5455,1572,3883,3006,712,16,15,63,713,2791,775
868,8,3,5,37,8093,6311,1526,4298,1963,3443,825,3795,927,2868,1782,701,16,41,210,692,2354,575
869,40,16,24,38,40818,29418,4874,21193,9773,15482,2556,19625,5689,13936,11400,2318,16,2111,838,4877,9737,4407
870,6,4,2,39,8838,6034,593,4560,2163,3199,319,4278,1443,2835,2804,274,16,28,198,742,1967,819
871,10,4,6,40,16990,11978,1455,8690,4037,6233,762,8300,2555,5745,5012,693,16,146,189,1216,3607,1421
872,18,7,11,41,15215,10659,1056,7951,3467,5639,602,7264,2244,5020,4556,454,16,301,304,1200,3516,1375
873,5,4,1,42,12720,9314,1427,6421,3000,4737,718,6299,1722,4577,3406,709,16,44,60,1272,2886,1055
874,622,336,286,43,69744,48859,4840,36159,16638,25698,2678,33585,10424,23161,20885,2162,16,474,94,4529,11968,5178
875,8,1,7,44,12426,9367,2001,6447,3043,4938,992,5979,1550,4429,3059,1009,16,98,491,1115,3276,807
876,90,38,52,45,32950,24533,3702,17232,7642,13248,2010,15718,4433,11285,8417,1692,16,247,220,2839,6252,2189
877,17,11,6,46,14387,9947,1245,7404,3403,5181,618,6983,2217,4766,4440,627,16,167,118,1005,3383,1275
878,26,14,12,47,21548,14392,1777,10823,5182,7320,873,10725,3653,7072,7156,904,16,185,328,1399,4773,2208
879,3,0,3,48,5571,3932,580,2820,1347,2039,292,2751,858,1893,1639,288,16,9,58,439,1292,413
880,43,21,22,49,18030,11966,1397,8921,4328,6055,705,9109,3198,5911,6064,692,16,120,779,1599,4131,1743
881,144,61,83,50,88535,60414,6492,46100,20846,32122,3360,42435,14143,28292,28121,3132,16,993,3098,6736,19537,7680
882,28,10,18,51,13750,10036,1239,7180,3312,5319,696,6570,1853,4717,3714,543,16,73,112,909,2556,830
883,1615,704,911,52,183185,129156,8500,92737,42001,66048,4669,90448,27340,63108,54029,3831,16,1245,727,5051,34081,15709
884,7319,3839,3480,53,784776,589055,59262,412418,187163,315761,32858,372358,99064,273294,195721,26404,16,6693,4630,26077,127477,42882
885,2,0,2,54,7806,5673,1157,4169,1871,3095,650,3637,1059,2578,2133,507,16,47,291,638,2024,534
886,114,43,71,55,45484,31330,3279,23276,11047,16129,1679,22208,7007,15201,14154,1600,16,644,830,2125,10274,4688
887,11416,5888,5528,56,28074,19021,2244,14557,6593,9987,1146,13517,4483,9034,9053,1098,16,1148,3161,3097,5888,2775
888,9,3,6,57,8195,5409,822,4133,2031,2763,398,4062,1416,2646,2786,424,16,301,327,737,1976,893
889,592,271,321,58,19595,13465,1156,9976,4716,6996,595,9619,3150,6469,6130,561,16,67,167,773,4091,1623
890,19,5,14,59,7988,5694,728,4038,1945,2817,346,3950,1073,2877,2294,382,16,22,107,428,2076,719
891,12,9,3,60,9794,7218,1065,5154,2268,3847,582,4640,1269,3371,2576,483,16,20,71,932,2082,681
892,50,41,9,61,24424,15681,1295,12377,5786,8082,721,12047,4448,7599,8743,574,16,651,1591,1835,5370,2928
893,52,19,33,62,19440,13197,1829,10188,4523,7033,1009,9252,3088,6164,6243,820,16,92,126,1818,4066,1774
894,24,20,4,63,15705,11452,2226,8292,3729,6149,1160,7413,2110,5303,4253,1066,16,53,427,1412,3884,1198
895,162,66,96,64,26789,18007,1844,13302,6300,9059,907,13487,4539,8948,8782,937,16,318,1152,1506,6001,2812
896,12274,6535,5739,65,37464,26628,3069,19612,8797,14294,1646,17852,5518,12334,10836,1423,16,1734,3055,3237,7814,2996
897,4480,2431,2049,66,93265,65548,7391,48736,22007,35255,4000,44529,14236,30293,27717,3391,16,1246,2325,5325,17350,7365
898,27,18,9,67,16920,12700,2322,9021,3992,6955,1304,7899,2154,5745,4220,1018,16,50,461,2389,4378,1196
899,95,40,55,68,27832,19048,1725,13913,6693,9723,892,13919,4594,9325,8784,833,16,81,126,1455,5556,2370
900,316,148,168,69,103702,75521,8400,54547,24788,40416,4789,49155,14050,35105,28181,3611,16,476,297,6851,18101,6469
901,65,26,39,70,15255,11384,1560,7839,3691,5909,815,7416,1941,5475,3871,745,16,40,54,1118,3523,1094
902,214,89,125,71,67644,47797,7008,35494,16273,25710,3651,32150,10063,22087,19847,3357,16,593,1272,5342,14749,4852
903,15,7,8,72,13836,9745,1271,7066,3243,5006,649,6770,2031,4739,4091,622,16,63,133,1044,3065,1063
904,7819,4206,3613,73,27862,20119,2592,14609,6658,10680,1449,13253,3814,9439,7743,1143,16,239,666,2295,5834,2181
905,22,8,14,74,10450,7335,1090,5349,2501,3827,601,5101,1593,3508,3115,489,16,19,57,766,2308,882
906,10063,5407,4656,75,69723,48679,4838,36133,16459,25470,2669,33590,10381,23209,21044,2169,16,1614,2164,5011,13113,5590
907,137,29,108,76,76587,54177,5179,39399,18485,28580,2815,37188,11591,25597,22410,2364,16,152,88,4470,12623,5626
908,48,21,27,77,17845,12870,2442,8989,4216,6604,1244,8856,2590,6266,4975,1198,16,356,312,1675,4518,2099
909,4,0,4,78,12466,9147,1569,6554,2954,4847,809,5912,1612,4300,3319,760,16,33,118,1140,2724,859
910,139,70,69,79,49588,34033,3533,25571,11864,17979,1898,24017,7963,16054,15555,1635,16,717,4408,4247,10931,5220
911,26,11,15,80,19146,13023,1550,9896,4521,6775,829,9250,3002,6248,6123,721,16,218,732,1238,4256,1829
912,171,82,89,81,8804,5883,778,4453,2143,2991,375,4351,1459,2892,2921,403,16,308,332,1082,2118,943
913,193,90,103,82,76661,52414,5423,39397,18244,27618,2976,37264,12468,24796,24247,2447,16,455,1240,3141,16601,6525
914,115,50,65,83,31100,20648,2081,15420,7439,10353,1062,15680,5385,10295,10452,1019,16,273,1009,2599,6907,3149
915,7871,4265,3606,84,29268,19927,2045,15054,7001,10383,1115,14214,4670,9544,9341,930,16,329,384,3042,6002,2930
916,918,510,408,85,33621,24366,3804,17351,8214,12700,2066,16270,4604,11666,9255,1738,16,541,1094,2986,7868,2750
917,98,46,52,86,15352,11050,1496,7894,3587,5756,772,7458,2164,5294,4302,724,16,41,92,1556,3278,1037
918,30,10,20,87,14819,10518,1270,7512,3454,5340,631,7307,2129,5178,4301,639,16,94,131,583,3630,1198
919,532,258,274,88,105400,73168,5485,54873,25761,38963,2748,50527,16322,34205,32232,2737,16,362,645,4385,22485,8443
920,66,31,35,89,23842,17324,2160,11941,5602,8609,1061,11901,3186,8715,6518,1099,16,543,200,1618,5951,2390
921,995,517,478,90,15010,10394,1147,7789,3515,5443,585,7221,2270,4951,4616,562,16,206,905,979,3322,1454
922,577,289,288,91,14532,10394,1473,7568,3415,5518,803,6964,2088,4876,4138,670,16,98,127,1373,3199,1215
923,6,4,2,92,13731,9300,1508,7060,3350,4785,769,6671,2156,4515,4431,739,16,707,575,1422,3395,1489
924,58,28,30,93,27788,18878,2181,14540,6705,10189,1304,13248,4559,8689,8910,877,16,1111,1415,2411,6232,2727
925,14,10,4,94,6202,4759,1038,3212,1429,2511,560,2990,742,2248,1443,478,16,12,101,556,1637,406
926,38,16,22,95,11994,8919,1342,6060,2852,4600,701,5934,1615,4319,3075,641,16,59,60,1025,2675,794
927,6,3,3,96,6947,4863,692,3425,1607,2436,306,3522,1095,2427,2084,386,16,176,233,948,1669,644
928,540,289,251,97,31849,21511,2971,16217,7638,11197,1596,15632,5318,10314,10338,1375,16,396,1243,2624,8004,3358
929,31,21,10,98,27371,19002,2062,14236,6450,10062,1119,13135,4195,8940,8369,943,16,370,782,2212,5948,2515
930,4,0,4,99,15383,10669,1679,7740,3594,5390,868,7643,2364,5279,4714,811,16,390,380,1711,3738,1395
931,2015,1067,948,100,14432,10355,1408,7576,3363,5549,705,6856,2050,4806,4077,703,16,286,475,1115,3320,1229
932,11,7,4,101,8966,5903,872,4460,2191,2998,444,4506,1601,2905,3063,428,16,318,457,845,2035,883
933,23421,12039,11382,102,334749,238136,24589,174656,79028,126846,13407,160093,48803,111290,96613,11182,16,2159,4899,12437,58471,24207
934,18,4,14,103,24708,17934,2827,12751,5850,9308,1535,11957,3331,8626,6774,1292,16,102,116,2249,5093,2054
935,17,2,15,104,17166,12525,2303,8825,4083,6534,1212,8341,2350,5991,4641,1091,16,89,264,1932,3909,1145
936,28,12,16,105,20624,14611,1923,10591,5042,7591,1029,10033,3013,7020,6013,894,16,73,96,1434,4391,1695
937,281,148,133,106,31404,21959,2436,16170,7454,11389,1336,15234,4664,10570,9445,1100,16,29,86,2501,5840,2163
938,1087,461,626,107,75632,54464,6900,39591,18248,29151,3769,36041,10728,25313,21168,3131,16,340,373,5012,15507,4614
939,1374,714,660,108,196208,139212,14478,101627,46192,73846,7995,94581,29215,65366,56996,6483,16,2913,1609,12601,33137,12866
940,3,1,2,109,3200,2531,556,1698,775,1364,308,1502,335,1167,669,248,16,20,33,453,791,195
941,27,15,12,110,47327,33483,4513,24699,10885,17808,2362,22628,6953,15675,13844,2151,16,308,563,3642,10798,3566
942,201,94,107,111,17394,11943,1148,8828,4129,6137,568,8566,2760,5806,5451,580,16,206,1141,863,3698,1755
943,5029,2886,2143,112,164144,114120,11675,87058,38847,61849,6448,77086,24815,52271,50024,5227,16,1032,1320,8248,32575,13469
944,40,15,25,113,26214,19578,3228,13662,6229,10416,1699,12552,3390,9162,6636,1529,16,71,204,2743,6547,1559
945,58,32,26,1,17772,12883,1748,9080,4224,6757,918,8692,2566,6126,4889,830,17,192,242,1727,3984,1589
946,795,399,396,2,22079,15802,2017,11265,5275,8193,944,10814,3205,7609,6277,1073,17,997,314,1141,4420,2002
947,410,177,233,3,35689,25180,2666,18101,8235,12902,1331,17588,5310,12278,10509,1335,17,1294,517,2614,7139,3347
948,2333,1141,1192,4,85521,61413,7030,44643,19852,32659,3777,40878,12124,28754,24108,3253,17,997,998,5799,17297,7349
949,25,16,9,5,9768,7238,1230,4991,2221,3735,640,4777,1274,3503,2530,590,17,67,229,1217,2472,875
950,4775,2495,2280,6,194786,145115,15985,100893,46437,77375,8903,93893,26153,67740,49671,7082,17,2335,544,8985,33158,15525
951,4667,2541,2126,7,366321,288414,38382,196855,86123,157732,22830,169466,38784,130682,77907,15552,17,2107,532,15380,48394,19926
952,1189,590,599,8,99493,71726,6355,50835,23451,37390,3330,48658,14322,34336,27767,3025,17,670,360,4191,17500,8300
953,389,188,201,9,19231,13892,1209,9683,4533,7152,621,9548,2808,6740,5339,588,17,1114,208,983,3696,1727
954,194,110,84,10,17238,12350,1261,8866,4155,6470,659,8372,2492,5880,4888,602,17,570,178,1000,3705,1638
955,3233,1622,1611,11,214137,160560,14721,111236,50038,84637,7915,102901,26978,75923,53577,6806,17,1479,426,8888,33431,14865
956,327,174,153,12,57121,43369,5490,29611,13461,22718,2972,27510,6859,20651,13752,2518,17,536,300,3726,10924,4148
957,134,58,76,13,15690,11664,1448,8192,3724,6194,776,7498,2028,5470,4026,672,17,198,126,1246,3302,1372
958,43,17,26,14,9967,7353,944,5080,2404,3835,482,4887,1369,3518,2614,462,17,48,63,1075,2166,787
959,148,78,70,15,26713,19391,2450,13709,6309,10024,1274,13004,3637,9367,7322,1176,17,271,314,2416,5578,2566
960,89,44,45,16,18580,12778,1270,9444,4326,6588,674,9136,2946,6190,5802,596,17,188,774,1735,4045,1970
961,2229,1138,1091,17,66435,47847,4768,34396,15618,25084,2476,32039,9276,22763,18588,2292,17,1042,439,5802,13656,5712
962,4600,2319,2281,18,116143,84149,8497,59468,27039,44025,4459,56675,16551,40124,31994,4038,17,879,264,6122,20689,10168
963,135,67,68,19,27187,19767,2451,13858,6464,10237,1275,13329,3799,9530,7420,1176,17,836,943,2191,6089,2454
964,2778,1340,1438,20,46946,34794,3558,24023,11079,18072,1877,22923,6201,16722,12152,1681,17,3551,823,3532,8967,4062
965,29,16,13,21,7772,5775,745,3875,1853,2951,410,3897,1073,2824,1997,335,17,114,125,730,1839,715
966,2582,1316,1266,22,20698,13958,1391,10624,4824,7347,746,10074,3463,6611,6740,645,17,54,729,1636,4386,1908
967,68,12,56,23,7166,4997,511,3566,1693,2517,253,3600,1120,2480,2169,258,17,978,251,601,1597,758
968,655,270,385,24,52110,38010,4467,26978,12489,19999,2344,25132,7121,18011,14100,2123,17,909,369,4159,10901,4352
969,255,143,112,25,33844,25391,3371,17367,8112,13256,1815,16477,4342,12135,8453,1556,17,652,246,3189,6973,2781
970,977,503,474,26,17714,12834,1426,9003,4141,6592,705,8711,2469,6242,4880,721,17,531,180,1036,3540,1628
971,204,102,102,27,11992,8409,876,6116,2828,4351,449,5876,1818,4058,3583,427,17,1281,308,645,2745,1340
972,597,311,286,28,68984,49530,4586,35147,16349,25678,2308,33837,9985,23852,19454,2278,17,1295,461,3438,13008,5817
973,1143,505,638,29,102690,74865,8503,53327,24510,39602,4440,49363,14100,35263,27825,4063,17,1975,529,5461,19751,9043
974,493,266,227,30,52651,37135,3709,26821,12536,19259,1944,25830,7954,17876,15516,1765,17,1582,370,2870,10064,5128
975,199,104,95,31,36159,27408,3327,18974,8445,14638,1837,17185,4415,12770,8751,1490,17,117,72,2276,6245,2325
976,35,16,19,32,9370,6848,914,4820,2330,3578,460,4550,1280,3270,2522,454,17,217,114,1173,2081,773
977,86,42,44,33,15844,11378,1142,8058,3608,5916,634,7786,2324,5462,4466,508,17,414,152,1570,3354,1486
978,624,337,287,1,37309,27159,3791,18679,8866,13724,1934,18630,5195,13435,10150,1857,18,591,806,2575,8431,3503
979,43,18,25,2,15953,11727,1827,7910,3875,5767,896,8043,2083,5960,4226,931,18,54,98,1129,3895,1145
980,12,7,5,3,11851,8892,1659,5799,2846,4358,813,6052,1518,4534,2959,846,18,56,120,1217,2907,906
981,741,406,335,4,75520,53907,6299,37958,18308,27271,3167,37562,10926,26636,21613,3132,18,700,308,4013,17114,6856
982,1528,789,739,5,12614,7842,904,6291,2941,3909,462,6323,2390,3933,4772,442,18,586,1265,1419,2702,1529
983,321,156,165,6,29416,21327,2744,15150,7128,11225,1468,14266,4164,10102,8089,1276,18,133,52,1558,5905,1994
984,102,50,52,7,18580,12488,1638,9348,4552,6360,825,9232,3104,6128,6092,813,18,207,703,1608,4105,2021
985,640,343,297,8,57418,40538,3063,29562,13567,21035,1533,27856,8353,19503,16880,1530,18,108,98,1518,9675,3677
986,33675,17039,16636,9,42514,23606,1807,21295,9992,11925,856,21219,9538,11681,18908,951,18,3012,5468,6252,7780,5244
987,1392,731,661,10,33901,24590,3761,16523,8138,12137,1836,17378,4925,12453,9311,1925,18,475,683,3417,8766,3396
988,3082,1506,1576,11,24743,17105,2014,12252,6288,8478,980,12491,3864,8627,7638,1034,18,427,771,2180,5661,2625
989,1104,512,592,12,43979,31897,4580,21318,10671,15496,2155,22661,6260,16401,12082,2425,18,368,323,2999,11408,4143
990,21,11,10,13,7499,5673,1062,3659,1908,2794,518,3840,961,2879,1826,544,18,55,66,700,1897,558
991,1341,657,684,14,23477,16642,2250,11679,5638,8334,1117,11798,3490,8308,6835,1133,18,110,337,1461,5859,2024
992,603,279,324,15,97820,71962,10344,47996,23364,35474,5095,49824,13336,36488,25858,5249,18,2953,1221,8485,24331,9045
993,121,62,59,16,39718,29702,5034,19566,9441,14801,2503,20152,5251,14901,10016,2531,18,504,276,3431,9541,3315
994,7454,3729,3725,17,413608,303280,27775,214037,99198,160104,15845,199571,56395,143176,110328,11930,18,1249,1262,12174,61268,24803
995,164,91,73,18,30565,22735,3129,15359,7324,11512,1629,15206,3983,11223,7830,1500,18,390,165,2503,7350,2882
996,5610,2787,2823,19,14315,9113,948,6921,3386,4411,462,7394,2692,4702,5202,486,18,544,1099,1950,3217,1574
997,1747,792,955,20,150250,104697,6052,73748,35593,51717,2968,76502,23522,52980,45553,3084,18,471,299,3593,28152,13891
998,5,2,3,1,2639,1946,203,1344,666,970,105,1295,319,976,693,98,19,36,25,75,566,217
999,8,3,5,2,2439,1918,419,1198,589,942,209,1241,265,976,521,210,19,9,98,217,666,178
1000,0,0,0,3,1292,1027,275,655,320,510,139,637,120,517,265,136,19,12,15,74,401,66
1001,128,63,65,4,34353,25116,2968,17139,8201,12666,1616,17214,4764,12450,9237,1352,19,176,166,1321,5986,2741
1002,15,8,7,5,18194,13068,1698,9212,4500,6662,906,8982,2576,6406,5126,792,19,252,214,861,3754,1573
1003,3965,1902,2063,6,597207,421885,17115,295678,143223,210853,9522,301529,90497,211032,175322,7593,19,236,200,12607,65011,40047
1004,12,6,6,7,16152,11448,2200,8075,3720,5684,1093,8077,2313,5764,4704,1107,19,483,1250,1988,3986,1584
1005,3,0,3,8,3977,2869,495,1994,1012,1455,240,1983,569,1414,1108,255,19,16,25,257,899,391
1006,511,203,308,9,95534,68674,6523,47914,22978,34643,3291,47620,13589,34031,26860,3232,19,482,2049,3724,17568,8339
1007,1211,579,632,10,38306,24755,783,19006,9176,12366,417,19300,6911,12389,13551,366,19,109,18,659,7977,4319
1008,9,5,4,11,7757,5729,923,3775,1937,2786,464,3982,1039,2943,2028,459,19,36,41,357,1719,628
1009,1469,678,791,12,42715,28015,895,21002,10375,13907,452,21713,7605,14108,14700,443,19,74,11,734,9150,4436
1010,20,16,4,13,10835,8013,1222,5337,2601,3947,625,5498,1432,4066,2822,597,19,364,362,637,2273,818
1011,75,21,54,14,34110,23565,4263,16893,7950,11850,2049,17217,5502,11715,10545,2214,19,2865,4803,4326,7533,2850
1012,7,3,4,15,1632,1248,291,818,386,627,151,814,193,621,384,140,19,19,37,96,503,129
1013,13,4,9,16,2861,2060,325,1404,678,1011,164,1457,408,1049,801,161,19,48,19,118,693,264
1014,73,39,34,17,41130,29345,4900,20505,9921,14614,2377,20625,5894,14731,11785,2523,19,2002,1865,5180,10294,3982
1015,8395,3845,4550,18,247370,160797,3753,123455,61056,80278,1998,123915,43396,80519,86573,1755,19,1091,227,5053,40614,26394
1016,2337,1736,601,19,123156,102096,14080,64948,29633,54783,7607,58208,10895,47313,21060,6473,19,12,0,2399,5983,3079
1017,40,18,22,20,5479,3997,691,2735,1263,1999,356,2744,746,1998,1482,335,19,58,114,244,1241,449
1018,5339,2668,2671,21,425148,296586,13293,214091,100460,149794,6813,211057,64265,146792,128562,6480,19,1096,133,10763,63887,31913
1019,16,10,6,22,14795,11041,2085,7470,3662,5598,1044,7325,1882,5443,3754,1041,19,233,759,937,3650,1394
1020,0,0,0,23,1044,802,170,546,237,411,82,498,107,391,242,88,19,10,23,68,286,82
1021,0,0,0,24,6011,4101,706,2919,1389,1992,341,3092,983,2109,1910,365,19,262,299,609,1480,646
1022,1603,787,816,25,67294,42616,1173,33708,16247,21347,578,33586,12317,21269,24678,595,19,80,120,1070,13019,6472
1023,4419,1790,2629,26,682880,529900,55088,345900,165552,270746,30035,336980,77826,259154,152980,25053,19,748,385,22000,76578,35057
1024,1,1,0,27,1764,1367,370,892,441,692,176,872,197,675,397,194,19,18,35,185,533,136
1025,20,12,8,28,1511,1117,163,725,372,557,78,786,226,560,394,85,19,7,29,42,342,162
1026,8,1,7,29,6921,5149,907,3496,1713,2618,470,3425,894,2531,1772,437,19,42,159,429,1310,585
1027,3,2,1,30,3571,2595,452,1724,881,1274,215,1847,526,1321,976,237,19,41,80,459,899,385
1028,7002,3461,3541,31,333481,220497,7025,165024,80004,109671,3553,168457,57631,110826,112984,3472,19,1259,296,7279,55817,31096
1029,2,0,2,32,5238,3845,527,2595,1247,1905,256,2643,703,1940,1393,271,19,32,87,248,1209,479
1030,104,53,51,33,79853,58192,7841,40040,19368,29594,3706,39813,11215,28598,21661,4135,19,464,1925,3854,14612,7414
1031,181,80,101,34,5630,4026,380,2723,1418,1956,198,2907,837,2070,1604,182,19,9,4,164,1005,569
1032,0,0,0,35,955,726,143,470,268,359,71,485,118,367,229,72,19,6,7,67,240,63
1033,5,5,0,36,6996,4680,822,3462,1650,2329,402,3534,1183,2351,2316,420,19,396,1101,1121,1668,699
1034,5,2,3,37,5326,3784,378,2619,1224,1878,181,2707,801,1906,1542,197,19,77,118,217,1153,539
1035,167,63,104,38,60829,45438,5571,30223,14632,22844,2716,30606,8012,22594,15391,2855,19,718,1498,2906,12161,4935
1036,10687,5436,5251,39,1109171,871844,113343,564116,265736,448352,64195,545055,121563,423492,237327,49148,19,3259,1132,40344,120921,57271
1037,3,2,1,40,971,739,172,476,252,355,74,495,111,384,232,98,19,9,26,117,231,76
1038,3082,1396,1686,41,87168,57309,1552,43593,21551,28665,738,43575,14931,28644,29859,814,19,150,57,1679,19093,8395
1039,6,5,1,42,4469,3456,765,2225,1095,1716,377,2244,504,1740,1013,388,19,52,179,465,1150,347
1040,5,2,3,43,2640,1963,373,1292,632,964,174,1348,349,999,677,199,19,34,110,446,703,262
1041,77,15,62,44,35456,26810,4014,18201,8453,13814,2269,17255,4259,12996,8646,1745,19,163,170,1933,6801,2418
1042,1329,611,718,45,54192,36704,1983,26514,13030,18121,959,27678,9095,18583,17488,1024,19,600,773,1632,12887,5344
1043,2090,860,1230,46,430143,352114,42796,220636,101427,181413,23824,209507,38806,170701,78029,18972,19,77,89,16001,41686,14847
1044,32,16,16,47,13836,10185,1024,6886,3333,5153,541,6950,1918,5032,3651,483,19,84,246,504,2360,1082
1045,3885,1599,2286,48,296954,219236,15045,147992,73303,110388,7687,148962,40114,108848,77718,7358,19,867,355,9675,35084,17923
1046,910,390,520,49,42407,32607,4337,21188,10513,16472,2233,21219,5084,16135,9800,2104,19,229,110,1954,6612,3292
1047,1,0,1,50,1632,1266,266,764,416,603,123,868,205,663,366,143,19,28,113,158,526,150
1048,3,2,1,51,4080,3107,657,2050,942,1564,346,2030,487,1543,973,311,19,44,101,459,1021,374
1049,819,482,337,1,882,601,91,512,236,362,60,370,131,239,281,31,20,8,46,197,222,91
1050,4911,2485,2426,2,45883,33047,3906,23507,10977,17232,2088,22376,6561,15815,12836,1818,20,1711,957,4895,11524,4881
1051,1893,973,920,3,2027,1500,345,1043,452,806,203,984,290,694,527,142,20,43,388,653,658,221
1052,2,1,1,4,930,660,140,493,234,367,78,437,144,293,270,62,20,6,78,221,239,79
1053,6617,3288,3329,5,15105,11725,2282,7620,3618,5994,1128,7485,1754,5731,3380,1154,20,131,124,1673,4063,1180
1054,2005,1119,886,6,18525,12810,1656,9937,4289,6997,879,8588,2775,5813,5715,777,20,1137,990,1564,4481,1922
1055,2107,1171,936,7,2550,1972,532,1394,603,1109,285,1156,293,863,578,247,20,89,724,474,794,279
1056,87,45,42,8,758,573,156,392,168,299,85,366,92,274,185,71,20,3,11,164,252,65
1057,4178,2161,2017,9,7102,4860,518,3596,1714,2503,259,3506,1149,2357,2242,259,20,226,943,1138,1822,665
1058,678,393,285,10,14277,10824,1719,7468,3360,5715,871,6809,1700,5109,3453,848,20,269,91,930,3536,899
1059,467,240,227,11,1182,805,168,614,271,420,94,568,183,385,377,74,20,6,92,287,301,123
1060,6177,3136,3041,12,10497,6438,674,5346,2418,3335,350,5151,2048,3103,4059,324,20,331,606,1222,2349,1450
1061,17,10,7,13,2953,2251,406,1538,740,1197,231,1415,361,1054,702,175,20,9,87,403,801,182
1062,5766,2980,2786,14,28637,21657,2936,15031,7085,11652,1560,13606,3601,10005,6980,1376,20,108,105,1266,6008,2595
1063,2695,1402,1293,15,4823,3213,551,2565,1151,1769,292,2258,814,1444,1610,259,20,117,559,891,1073,607
1064,8968,4768,4200,16,9936,5581,504,5264,2415,3029,264,4672,2120,2552,4355,240,20,46,1338,1622,1649,1201
1065,13,8,5,17,3365,2413,447,1739,808,1282,253,1626,495,1131,952,194,20,91,670,742,924,440
1066,1,1,0,18,803,565,148,406,177,304,78,397,136,261,238,70,20,23,64,155,238,102
1067,1138,563,575,19,2934,2085,422,1486,682,1064,219,1448,427,1021,849,203,20,1,343,779,833,356
1068,2238,1226,1012,20,3947,2388,211,2126,935,1336,118,1821,769,1052,1559,93,20,21,283,361,750,452
1069,633,322,311,21,15866,11563,1242,8328,3825,6153,674,7538,2128,5410,4303,568,20,302,275,1239,3496,1681
1070,160,97,63,22,716,586,236,378,183,314,138,338,66,272,130,98,20,22,84,208,274,62
1071,1202,643,559,23,21597,15391,1462,11122,5047,8104,788,10475,3188,7287,6206,674,20,1352,1539,1026,4777,1802
1072,764,417,347,24,3643,2505,485,1818,861,1270,271,1825,590,1235,1138,214,20,85,840,925,940,473
1073,519,256,263,25,11413,8002,983,5787,2710,4117,507,5626,1741,3885,3411,476,20,390,97,851,2751,1262
1074,3373,1816,1557,26,9066,6470,1094,4810,2120,3522,646,4256,1308,2948,2596,448,20,327,1124,1528,2521,968
1075,1310,768,542,27,2251,1651,380,1252,530,957,228,999,305,694,600,152,20,77,503,729,741,271
1076,477,262,215,28,20915,14842,2396,11039,5020,7995,1338,9876,3029,6847,6073,1058,20,765,386,2340,5052,2205
1077,3515,1893,1622,29,4135,2644,434,2205,1031,1473,250,1930,759,1171,1491,184,20,243,599,1010,1084,545
1078,2933,1491,1442,30,8575,6723,1039,4395,2097,3479,508,4180,936,3244,1852,531,20,106,28,420,1573,593
1079,6301,3577,2724,31,7102,4887,756,3996,1713,2824,447,3106,1043,2063,2215,309,20,69,1085,1072,1980,753
1080,0,0,0,32,996,746,184,511,237,390,96,485,129,356,250,88,20,116,104,272,287,100
1081,144,77,67,33,2637,2024,238,1401,630,1103,130,1236,315,921,613,108,20,22,84,146,513,197
1082,19,11,8,34,1172,839,213,609,319,443,110,563,167,396,333,103,20,72,13,276,323,108
1083,94,50,44,35,531,400,39,277,134,215,27,254,69,185,131,12,20,1,3,26,112,26
1084,2412,1210,1202,36,5409,3649,402,2820,1306,1855,176,2589,795,1794,1760,226,20,57,559,1295,1412,715
1085,1625,878,747,37,4380,2916,461,2347,1058,1611,244,2033,728,1305,1464,217,20,59,502,888,1067,487
1086,1570,822,748,38,1917,1442,262,1008,430,764,156,909,231,678,475,106,20,8,52,447,502,203
1087,5760,3120,2640,39,77547,54435,5756,41118,18100,29749,3189,36429,11743,24686,23112,2567,20,2007,1245,5226,15277,6727
1088,5718,3071,2647,40,6299,3846,470,3371,1488,2106,281,2928,1188,1740,2453,189,20,764,646,1476,1531,1020
1089,25207,13592,11615,41,31551,21738,3423,16915,7348,12103,2001,14636,5001,9635,9813,1422,20,2797,2983,5633,7803,4448
1090,4847,2442,2405,42,8268,5738,669,4233,2012,2970,351,4035,1267,2768,2530,318,20,24,961,1340,2045,830
1091,53419,28176,25243,43,98043,71786,7209,50887,23627,38077,3916,47156,13447,33709,26257,3293,20,967,291,7403,20117,10111
1092,1039,554,485,44,42884,30908,4282,22487,10383,16695,2272,20397,6184,14213,11976,2010,20,648,578,3572,10837,4457
1093,203,117,86,45,8303,6033,566,4370,2042,3226,326,3933,1126,2807,2270,240,20,122,640,246,1898,643
1094,226,126,100,46,3149,2385,595,1698,739,1313,325,1451,379,1072,764,270,20,178,238,753,919,352
1095,0,0,0,47,87,72,16,48,22,42,10,39,9,30,15,6,20,1,0,19,31,6
1096,82,51,31,48,1375,760,84,713,344,402,50,662,304,358,615,34,20,26,218,188,237,180
1097,123,67,56,49,1146,816,114,592,289,444,57,554,182,372,330,57,20,19,251,111,287,123
1098,3006,1617,1389,50,3381,2125,327,1816,779,1184,196,1565,624,941,1256,131,20,219,877,880,892,425
1099,3799,1985,1814,51,4563,2966,343,2336,1074,1584,163,2227,845,1382,1597,180,20,305,724,476,989,609
1100,240,118,122,52,6038,4502,725,3107,1449,2341,389,2931,770,2161,1536,336,20,95,176,787,1755,632
1101,269,135,134,53,1220,960,199,635,318,507,96,585,132,453,260,103,20,18,10,118,359,130
1102,11,5,6,54,415,304,63,219,88,169,38,196,61,135,111,25,20,1,16,77,142,48
1103,22,17,5,55,3486,2470,535,1812,853,1301,284,1674,505,1169,1016,251,20,9,63,526,871,342
1104,43,23,20,56,1424,981,165,752,318,522,98,672,213,459,443,67,20,59,53,363,391,188
1105,0,0,0,57,39828,28331,4252,20569,9584,15025,2166,19259,5953,13306,11497,2086,20,0,0,0,0,0
1106,10313,5136,5177,58,13097,8605,1559,6641,3117,4421,791,6456,2272,4184,4492,768,20,733,649,3430,3479,1868
1107,3818,2092,1726,59,42312,29186,3243,22519,10041,15837,1829,19793,6444,13349,13126,1414,20,1206,2124,3005,9787,4619
1108,2440,1296,1144,60,2585,1765,252,1365,656,935,144,1220,390,830,820,108,20,31,294,522,661,276
1109,37,22,15,61,2722,1848,309,1466,632,1021,167,1256,429,827,874,142,20,87,260,297,693,301
1110,121,67,54,62,475,366,66,264,114,209,40,211,54,157,109,26,20,0,2,101,131,38
1111,27,14,13,63,3910,2997,368,2043,929,1587,215,1867,457,1410,913,153,20,35,75,178,767,292
1112,1489,785,704,64,7385,5343,919,3758,1840,2773,502,3627,1057,2570,2042,417,20,106,134,1060,1992,834
1113,872,472,400,65,1209,977,284,671,299,553,158,538,114,424,232,126,20,18,116,257,374,129
1114,76,24,52,66,5327,3959,753,2688,1276,2020,393,2639,700,1939,1368,360,20,83,46,566,1493,499
1115,21393,11366,10027,67,264251,203603,24708,144305,61192,114330,14858,119946,30673,89273,60648,9850,20,3717,3040,8708,36494,16083
1116,753,389,364,68,21676,15716,2059,11370,5132,8381,1156,10306,2971,7335,5960,903,20,1473,1544,1599,4480,2122
1117,9,4,5,69,2632,1689,183,1357,626,893,103,1275,479,796,943,80,20,37,579,508,612,365
1118,5318,2710,2608,70,6893,4779,712,3514,1619,2465,368,3379,1065,2314,2114,344,20,378,262,736,1605,755
1119,81,41,40,71,2871,1949,274,1489,660,1005,124,1382,438,944,922,150,20,48,208,517,665,372
1120,440,230,210,72,6822,4547,502,3525,1484,2418,260,3297,1168,2129,2275,242,20,928,1293,793,1561,851
1121,7587,4017,3570,73,32640,22506,3062,17390,7613,12373,1701,15250,5117,10133,10134,1361,20,539,2030,4940,8185,3609
1122,414,216,198,74,482,294,47,242,112,156,28,240,102,138,188,19,20,1,14,119,127,60
1123,65,35,30,75,2723,2130,506,1421,624,1121,265,1302,293,1009,593,241,20,8,9,236,839,251
1124,45,25,20,76,3256,2256,279,1690,799,1211,153,1566,521,1045,1000,126,20,22,83,751,754,317
1125,117,58,59,77,3757,2747,304,1928,932,1445,164,1829,527,1302,1010,140,20,170,403,228,784,375
1126,11,10,1,78,1095,888,149,585,253,481,82,510,103,407,207,67,20,27,68,57,283,54
1127,4662,2439,2223,79,89211,67195,6394,46875,21096,35892,3208,42336,11033,31303,22016,3186,20,1865,340,3108,17158,9036
1128,2,2,0,80,1459,1119,305,765,316,607,166,694,182,512,340,139,20,4,20,418,470,131
1129,934,503,431,81,1760,1336,374,943,418,742,200,817,223,594,424,174,20,34,104,413,504,148
1130,1913,1005,908,82,4099,2859,317,2123,1027,1528,170,1976,645,1331,1240,147,20,37,152,856,1081,481
1131,916,512,404,83,9342,6616,402,4834,2238,3517,217,4508,1409,3099,2726,185,20,127,159,249,1626,867
1132,64,31,33,84,3984,3009,389,2093,928,1614,217,1891,496,1395,975,172,20,13,51,260,717,301
1133,20551,10530,10021,85,24467,14397,1291,12488,5639,7490,651,11979,5072,6907,10070,640,20,234,3094,3141,4933,3512
1134,619,361,258,86,929,695,184,524,251,395,119,405,105,300,234,65,20,22,285,287,320,97
1135,398,197,201,87,4334,3136,273,2334,1024,1714,158,2000,578,1422,1198,115,20,264,101,425,924,442
1136,79,45,34,88,2819,1959,297,1431,651,1004,152,1388,433,955,860,145,20,250,630,761,783,391
1137,40,20,20,89,2112,1561,281,1079,535,807,147,1033,279,754,551,134,20,8,54,484,550,244
1138,1604,880,724,90,6168,4414,518,3205,1357,2316,266,2963,865,2098,1754,252,20,134,163,514,1567,623
1139,541,288,253,91,5336,4044,374,2778,1272,2172,208,2558,686,1872,1292,166,20,64,68,150,679,295
1140,257,138,119,92,1604,1216,247,845,359,659,130,759,202,557,388,117,20,68,279,147,421,140
1141,0,0,0,93,483,372,111,263,123,204,64,220,52,168,111,47,20,4,51,151,167,43
1142,502,261,241,94,1756,1246,241,914,422,662,130,842,258,584,510,111,20,43,474,377,518,207
1143,2799,1381,1418,95,4295,2891,280,2166,1025,1479,128,2129,717,1412,1404,152,20,102,902,860,931,572
1144,25,17,8,96,716,524,104,381,166,292,63,335,103,232,192,41,20,7,20,64,197,60
1145,1516,774,742,97,1671,1251,333,850,422,653,170,821,223,598,420,163,20,2,13,357,480,130
1146,2097,1158,939,98,4425,3047,432,2323,1077,1611,243,2102,666,1436,1378,189,20,165,1134,1090,1150,566
1147,2,1,1,99,472,327,57,245,104,184,32,227,84,143,145,25,20,21,15,116,121,53
1148,388,208,180,100,422,359,115,231,114,194,65,191,26,165,63,50,20,2,11,151,172,42
1149,85,51,34,101,739,563,115,404,183,312,61,335,84,251,176,54,20,1,182,174,195,59
1150,272,149,123,102,4409,3145,390,2303,1038,1690,205,2106,651,1455,1264,185,20,197,544,277,982,408
1151,824,432,392,103,6009,4372,600,3160,1440,2364,355,2849,841,2008,1637,245,20,1028,291,427,1403,674
1152,1051,543,508,104,2606,1756,230,1319,613,923,118,1287,454,833,850,112,20,80,332,618,655,330
1153,6580,3589,2991,105,7305,4835,634,3973,1711,2717,386,3332,1214,2118,2470,248,20,58,1139,1470,1734,848
1154,5,2,3,106,249,193,52,133,64,102,29,116,25,91,56,23,20,0,0,66,78,29
1155,1883,1035,848,107,23038,16584,1086,12229,5445,9016,650,10809,3241,7568,6454,436,20,880,113,707,3761,1957
1156,1974,1128,846,108,4421,2848,602,2406,1081,1650,350,2015,817,1198,1573,252,20,61,572,1037,1070,548
1157,76,39,37,109,1227,896,124,619,269,462,64,608,174,434,331,60,20,10,49,101,303,119
1158,1330,737,593,110,1484,892,121,817,367,529,71,667,304,363,592,50,20,105,279,367,401,178
1159,3426,1795,1631,111,4245,2820,338,2212,988,1525,162,2033,738,1295,1425,176,20,172,221,648,934,409
1160,2151,1139,1012,112,2494,2030,444,1320,605,1080,227,1174,224,950,464,217,20,23,43,330,828,274
1161,695,352,343,113,2996,2061,199,1550,710,1082,104,1446,467,979,935,95,20,15,662,338,770,376
1162,518,281,237,114,641,515,176,338,144,266,97,303,54,249,126,79,20,4,27,173,215,53
1163,395,199,196,115,9105,6801,660,4796,2162,3685,378,4309,1193,3116,2304,282,20,242,128,228,1838,582
1164,3998,2082,1916,116,4415,2867,404,2298,1102,1543,236,2117,793,1324,1548,168,20,219,661,1087,1104,683
1165,1531,799,732,117,2337,1581,165,1191,558,828,79,1146,393,753,756,86,20,43,349,476,582,309
1166,2266,1339,927,118,2476,1797,280,1446,595,1107,149,1030,340,690,679,131,20,16,227,315,595,219
1167,279,162,117,119,386,290,87,222,92,176,57,164,50,114,96,30,20,3,104,125,135,46
1168,275,160,115,120,334,269,88,191,68,155,57,143,29,114,65,31,20,3,6,66,118,23
1169,188,98,90,121,654,505,148,358,154,280,84,296,71,225,149,64,20,4,71,143,213,76
1170,198,105,93,122,636,479,118,318,153,242,58,318,81,237,157,60,20,3,23,190,197,60
1171,81,43,38,123,2741,1894,313,1428,680,994,161,1313,413,900,847,152,20,136,414,578,714,304
1172,14757,7518,7239,124,18406,13136,1293,9253,4457,6761,646,9153,2778,6375,5270,647,20,1080,236,2249,4051,2497
1173,4529,2303,2226,125,12101,8192,1153,6018,2892,4108,582,6083,1999,4084,3909,571,20,132,589,2750,3064,1356
1174,4388,2342,2046,126,5148,3195,400,2746,1183,1778,231,2402,985,1417,1953,169,20,27,1128,1167,1242,718
1175,757,420,337,127,1004,654,97,562,239,373,62,442,161,281,350,35,20,125,275,285,297,124
1176,1023,523,500,128,1206,977,223,620,266,508,114,586,117,469,229,109,20,2,5,398,413,94
1177,16,7,9,129,360,268,54,181,94,147,28,179,58,121,92,26,20,4,6,29,114,35
1178,2286,1130,1156,130,5127,3589,443,2522,1283,1804,195,2605,820,1785,1538,248,20,328,358,1345,1458,558
1179,9186,4912,4274,131,10628,7840,914,5667,2545,4306,427,4961,1427,3534,2788,487,20,142,299,940,2479,1286
1180,27,15,12,132,1077,827,137,555,264,439,69,522,134,388,250,68,20,42,106,84,258,88
1181,2733,1421,1312,133,3596,2433,422,1850,861,1260,250,1746,573,1173,1163,172,20,215,1012,925,1031,371
1182,23208,12235,10973,134,27979,17584,1533,14734,6777,9509,765,13245,5170,8075,10395,768,20,2489,1839,3385,6256,4254
1183,167,71,96,135,7862,5589,666,4147,1870,2973,343,3715,1099,2616,2273,323,20,287,1832,943,1762,741
1184,10489,5510,4979,136,11604,7721,1099,6085,2812,4183,584,5519,1981,3538,3883,515,20,267,2550,1423,2642,1035
1185,73,33,40,137,3379,2206,354,1700,803,1122,171,1679,595,1084,1173,183,20,64,296,820,823,473
1186,336,176,160,138,440,353,140,227,116,184,80,213,44,169,87,60,20,2,11,144,162,38
1187,182,107,75,139,2045,1287,181,1064,444,674,108,981,368,613,758,73,20,66,426,513,522,308
1188,0,0,0,140,791,557,114,392,187,312,56,399,154,245,234,58,20,0,0,0,0,0
1189,1405,691,714,141,7650,5112,551,3824,1876,2555,263,3826,1269,2557,2538,288,20,515,148,1221,2021,838
1190,884,494,390,142,991,751,243,545,250,428,147,446,123,323,240,96,20,6,71,312,314,113
1191,881,431,450,143,8980,6535,948,4532,2155,3378,459,4448,1291,3157,2445,489,20,101,118,1192,2431,915
1192,130,63,67,144,949,731,219,487,201,385,112,462,116,346,218,107,20,26,170,193,308,114
1193,550,297,253,145,3854,2870,246,1997,943,1503,128,1857,490,1367,984,118,20,326,99,91,910,263
1194,2595,1376,1219,146,2787,1718,125,1476,645,953,82,1311,546,765,1069,43,20,134,650,429,650,382
1195,1,1,0,147,367,270,75,179,81,138,37,188,56,132,97,38,20,24,9,82,109,43
1196,1548,815,733,148,1940,1177,91,993,481,629,51,947,399,548,763,40,20,13,150,413,431,263
1197,23,12,11,149,1731,1153,182,920,404,628,94,811,286,525,578,88,20,29,67,172,418,217
1198,195,114,81,150,12894,8918,998,6741,3180,4789,521,6153,2024,4129,3976,477,20,285,706,609,2898,1208
1199,0,0,0,151,323,236,57,152,69,113,31,171,48,123,87,26,20,6,48,76,95,32
1200,1399,784,615,152,2109,1328,204,1177,468,755,103,932,359,573,781,101,20,147,108,381,423,216
1201,94,56,38,153,4836,3235,306,2481,1152,1718,175,2355,838,1517,1601,131,20,50,196,445,1168,675
1202,936,495,441,154,2407,1503,249,1287,580,828,134,1120,445,675,904,115,20,16,556,426,641,293
1203,11,6,5,155,985,625,78,489,227,316,40,496,187,309,360,38,20,93,146,120,218,112
1204,2107,1131,976,156,3316,2512,412,1717,757,1349,228,1599,436,1163,804,184,20,13,42,801,989,261
1205,1008,547,461,157,15720,11569,786,8247,3626,6231,449,7473,2135,5338,4151,337,20,75,55,333,2406,987
1206,64,38,26,158,2258,1548,181,1172,552,834,103,1086,372,714,710,78,20,32,477,532,576,291
1207,65,40,25,159,5019,3095,314,2589,1164,1629,169,2430,964,1466,1924,145,20,184,410,995,1089,679
1208,6,3,3,160,1391,1017,205,709,308,520,109,682,185,497,374,96,20,13,95,316,404,159
1209,19,11,8,161,2517,1804,429,1332,613,975,241,1185,356,829,713,188,20,190,179,362,728,286
1210,300,158,142,162,1934,1192,112,1001,421,640,64,933,381,552,742,48,20,275,283,404,457,316
1211,1145,640,505,163,1590,1070,193,855,381,594,110,735,259,476,520,83,20,36,206,327,456,210
1212,1804,984,820,164,2772,1942,387,1519,634,1111,214,1253,422,831,830,173,20,24,73,359,747,284
1213,5,5,0,165,1512,983,194,813,368,542,113,699,258,441,529,81,20,13,122,299,395,205
1214,3064,1626,1438,166,12098,8759,1039,6199,2912,4580,519,5899,1720,4179,3339,520,20,123,568,1321,2987,982
1215,28,23,5,167,2035,1381,144,1047,444,733,74,988,340,648,654,70,20,98,484,309,501,252
1216,21,11,10,168,1059,721,97,531,249,381,56,528,188,340,338,41,20,10,49,201,278,99
1217,3437,1795,1642,169,3867,2480,377,2006,920,1345,215,1861,726,1135,1387,162,20,741,493,834,1020,549
1218,3060,1699,1361,170,3251,2113,286,1792,756,1214,157,1459,560,899,1138,129,20,457,819,746,839,421
1219,16628,8738,7890,171,18316,11558,1833,9629,4260,6225,1020,8687,3354,5333,6758,813,20,3790,3333,4497,4677,2760
1220,4,2,2,172,376,318,110,191,91,163,61,185,30,155,58,49,20,6,76,130,146,34
1221,1019,535,484,173,1462,1105,253,775,336,592,135,687,174,513,357,118,20,9,35,447,476,149
1222,170,94,76,174,3917,2943,291,2083,947,1608,169,1834,499,1335,974,122,20,47,5,136,799,303
1223,648,339,309,175,1583,1110,187,819,354,573,98,764,227,537,473,89,20,103,350,400,403,149
1224,157,87,70,176,2687,1932,471,1411,656,1036,273,1276,380,896,755,198,20,241,117,521,753,323
1225,1308,714,594,177,9945,7216,1154,5173,2389,3849,625,4772,1405,3367,2729,529,20,140,836,1272,2739,1148
1226,400,206,194,178,6874,5028,525,3621,1653,2719,302,3253,944,2309,1846,223,20,327,147,497,1396,562
1227,25,15,10,179,1456,1000,210,727,378,498,102,729,227,502,456,108,20,15,197,376,386,160
1228,57,35,22,180,2593,1851,331,1302,639,937,177,1291,377,914,742,154,20,38,89,482,714,288
1229,2,0,2,181,440,358,108,233,97,187,55,207,36,171,82,53,20,4,53,141,149,45
1230,1850,986,864,182,2178,1381,195,1158,505,738,97,1020,377,643,797,98,20,73,463,427,498,190
1231,120,68,52,183,1383,910,160,754,323,506,90,629,225,404,473,70,20,178,81,306,339,140
1232,20680,11396,9284,184,162511,117598,10763,85562,37862,63075,5594,76949,22426,54523,44913,5169,20,4242,2813,10309,36527,14715
1233,193,110,83,185,8855,6237,856,4548,2103,3261,468,4307,1331,2976,2618,388,20,154,191,1382,1984,996
1234,0,0,0,186,547,404,129,291,118,215,70,256,67,189,143,59,20,3,13,104,158,45
1235,1581,820,761,187,1808,1334,236,929,412,696,131,879,241,638,474,105,20,66,383,498,504,255
1236,6558,3444,3114,188,10030,6527,887,5186,2498,3499,474,4844,1816,3028,3503,413,20,317,431,1575,2429,1219
1237,2380,1228,1152,189,2870,1830,186,1464,704,938,102,1406,514,892,1040,84,20,24,561,590,611,330
1238,12439,6545,5894,190,23686,16543,2212,12288,5647,8702,1148,11398,3557,7841,7143,1064,20,1662,2216,4409,6191,2509
1239,14,7,7,191,330,258,62,180,87,144,37,150,36,114,72,25,20,5,65,18,100,35
1240,20,11,9,192,1494,1176,218,808,358,644,117,686,154,532,318,101,20,21,26,116,368,92
1241,20,15,5,193,2592,1916,330,1346,613,1017,188,1246,347,899,676,142,20,4,208,235,662,290
1242,1107,607,500,194,1237,1003,214,670,293,553,105,567,117,450,234,109,20,0,25,382,409,72
1243,900,466,434,195,1071,830,248,547,229,435,136,524,129,395,241,112,20,103,183,332,365,118
1244,166,98,68,196,413,311,85,217,107,171,48,196,56,140,102,37,20,0,1,103,127,29
1245,1994,1038,956,197,3212,2446,424,1673,766,1299,232,1539,392,1147,766,192,20,100,278,316,915,393
1246,20616,11131,9485,198,29364,21553,3666,15575,6918,11630,1908,13789,3866,9923,7811,1758,20,2173,968,5657,8604,3433
1247,34,17,17,199,580,405,133,308,137,217,65,272,84,188,175,68,20,28,45,147,155,65
1248,3282,1715,1567,200,3726,2575,429,1956,934,1381,240,1770,576,1194,1151,189,20,34,722,966,1041,400
1249,1718,896,822,201,1953,1302,139,1022,469,708,79,931,337,594,651,60,20,24,90,406,547,267
1250,2080,1104,976,202,4677,3007,261,2422,1116,1609,139,2255,857,1398,1670,122,20,14,277,802,981,558
1251,16,10,6,203,3277,2092,212,1727,785,1126,113,1550,584,966,1185,99,20,60,597,495,733,486
1252,22,10,12,204,607,455,80,337,153,252,40,270,67,203,152,40,20,2,47,190,191,61
1253,12491,6428,6063,205,16972,11249,1321,8715,4061,5889,691,8257,2897,5360,5723,630,20,883,1840,3953,4240,1764
1254,802,392,410,206,2444,1751,317,1246,586,885,164,1198,332,866,693,153,20,12,159,538,644,276
1255,10419,5340,5079,207,19163,12447,1346,9693,4650,6364,664,9470,3387,6083,6716,682,20,811,1529,4296,4657,2238
1256,5855,3132,2723,208,6680,5255,1284,3567,1639,2861,745,3113,719,2394,1425,539,20,184,1671,1772,2217,754
1257,627,361,266,209,660,526,135,375,163,310,88,285,69,216,134,47,20,0,42,193,197,85
1258,5079,2841,2238,210,5747,3965,611,3183,1320,2281,352,2564,880,1684,1782,259,20,40,1431,1362,1507,602
1259,1572,801,771,211,2664,1563,157,1338,647,794,84,1326,557,769,1101,73,20,30,322,566,585,360
1260,2705,1407,1298,212,2919,1740,182,1514,694,920,99,1405,585,820,1179,83,20,59,537,719,737,342
1261,3876,2076,1800,213,4286,2565,259,2295,987,1434,155,1991,860,1131,1721,104,20,14,189,117,765,380
1262,1727,897,830,214,1979,1461,302,1019,453,774,157,960,273,687,518,145,20,20,66,286,512,234
1263,16,7,9,215,788,585,106,430,184,318,64,358,91,267,203,42,20,10,31,70,219,84
1264,1124,595,529,216,1280,920,163,674,313,493,89,606,179,427,360,74,20,4,3,332,338,121
1265,1210,627,583,217,2877,1936,386,1484,646,1018,199,1393,475,918,941,187,20,552,488,736,800,415
1266,319,162,157,218,531,390,113,269,126,205,54,262,77,185,141,59,20,4,143,150,150,73
1267,283,137,146,219,2619,1992,486,1370,609,1052,259,1249,309,940,627,227,20,51,163,423,683,254
1268,1601,805,796,220,2639,1841,326,1301,600,914,163,1338,411,927,798,163,20,44,649,764,799,318
1269,23,15,8,221,1228,889,227,624,320,478,117,604,193,411,339,110,20,56,132,164,372,128
1270,1367,721,646,222,1481,1062,189,784,357,571,113,697,206,491,419,76,20,12,37,372,456,197
1271,447,252,195,223,474,342,48,268,110,191,26,206,55,151,132,22,20,1,0,128,127,49
1272,8,5,3,224,567,452,123,307,167,247,59,260,55,205,115,64,20,38,18,96,162,57
1273,4242,2236,2006,225,6101,4126,464,3182,1450,2200,237,2919,993,1926,1975,227,20,406,274,1419,1542,790
1274,433,209,224,226,2723,1997,345,1342,645,998,166,1381,382,999,726,179,20,35,304,383,755,326
1275,497,279,218,227,15735,11510,1093,8257,3719,6161,582,7478,2129,5349,4225,511,20,238,342,598,3104,1116
1276,688,337,351,228,807,499,87,385,190,247,48,422,170,252,308,39,20,9,162,187,190,121
1277,7474,4018,3456,229,8323,4728,396,4462,2032,2620,221,3861,1753,2108,3595,175,20,130,1546,1411,1565,1155
1278,19,14,5,230,942,690,175,472,214,360,109,470,140,330,252,66,20,1,29,136,265,84
1279,2757,1441,1316,231,2961,1894,211,1540,723,1002,113,1421,529,892,1067,98,20,30,387,684,697,434
1280,16134,8417,7717,232,20085,13305,1394,10467,4753,7079,771,9618,3392,6226,6780,623,20,1318,1723,2435,4811,2833
1281,1632,946,686,233,1736,1353,258,1009,410,806,140,727,180,547,383,118,20,0,97,251,438,204
1282,6308,3242,3066,234,7250,4575,686,3747,1716,2437,367,3503,1365,2138,2675,319,20,240,676,1692,1895,1099
1283,23,12,11,235,3642,2539,433,1969,858,1426,259,1673,560,1113,1103,174,20,170,654,770,1017,476
1284,1388,739,649,236,1557,946,114,821,360,495,56,736,285,451,611,58,20,42,357,355,376,211
1285,45,31,14,237,1422,1037,244,759,357,559,123,663,185,478,385,121,20,2,81,320,404,125
1286,9,6,3,238,851,621,109,431,206,322,62,420,121,299,230,47,20,11,166,63,212,98
1287,27,14,13,239,1010,741,169,539,251,410,100,471,140,331,269,69,20,67,193,203,311,87
1288,1984,1131,853,240,2298,1462,196,1270,570,854,122,1028,420,608,836,74,20,228,489,443,507,274
1289,10,5,5,241,1087,795,157,599,272,447,91,488,140,348,292,66,20,9,187,190,313,96
1290,11252,5901,5351,242,12246,6552,904,6405,2874,3571,446,5841,2860,2981,5694,458,20,65,881,1193,1973,1333
1291,14,8,6,243,1821,1354,221,998,407,739,124,823,208,615,467,97,20,57,128,190,406,164
1292,1180,617,563,244,3787,2513,336,1955,900,1308,180,1832,627,1205,1274,156,20,26,229,662,946,465
1293,26,17,9,245,1265,903,191,635,295,479,104,630,206,424,362,87,20,180,62,199,337,149
1294,507,287,220,246,616,455,109,331,144,264,72,285,94,191,161,37,20,19,29,185,188,82
1295,109,58,51,247,1549,1130,149,862,366,645,89,687,202,485,419,60,20,4,7,199,358,123
1296,13566,6722,6844,248,14835,9646,945,7351,3528,4856,470,7484,2694,4790,5189,475,20,1765,1278,2364,3333,1957
1297,2460,1293,1167,249,3614,2306,276,1917,845,1235,155,1697,626,1071,1308,121,20,117,215,447,881,541
1298,13,7,6,250,1107,803,132,567,254,427,76,540,164,376,304,56,20,16,96,110,305,133
1299,11,5,6,251,1144,757,121,603,284,403,61,541,187,354,387,60,20,16,12,255,264,143
1300,1680,908,772,252,2062,1396,239,1100,477,773,147,962,339,623,666,92,20,31,552,573,595,261
1301,128,62,66,253,2084,1525,308,1048,513,755,156,1036,266,770,559,152,20,177,363,457,610,230
1302,118,66,52,254,3133,2165,333,1607,731,1155,173,1526,516,1010,968,160,20,44,596,723,798,410
1303,57,31,26,255,2019,1409,257,1075,444,763,134,944,298,646,610,123,20,36,270,525,534,301
1304,2,1,1,256,224,158,38,119,51,84,26,105,31,74,66,12,20,0,7,47,62,22
1305,902,483,419,257,986,757,161,527,236,417,98,459,119,340,229,63,20,1,65,259,296,115
1306,20,11,9,258,712,542,158,367,161,297,86,345,100,245,170,72,20,10,98,228,235,70
1307,1269,671,598,259,2360,1525,309,1241,569,828,158,1119,422,697,835,151,20,23,177,494,504,255
1308,2027,1091,936,260,2172,1616,237,1172,535,889,122,1000,273,727,556,115,20,6,70,318,548,239
1309,1025,522,503,261,7549,4842,806,4010,1858,2618,416,3539,1315,2224,2707,390,20,254,1121,1456,1687,958
1310,125,66,59,262,993,720,131,513,241,374,70,480,134,346,273,61,20,1,100,185,282,95
1311,409,202,207,263,3178,1918,230,1696,788,1041,112,1482,605,877,1260,118,20,118,443,527,782,482
1312,1545,861,684,264,2097,1411,254,1150,493,799,149,947,335,612,686,105,20,164,472,581,588,279
1313,2057,1024,1033,265,6817,4802,697,3359,1641,2388,335,3458,1044,2414,2015,362,20,399,181,1619,1825,794
1314,359,167,192,266,8362,5860,656,4274,1883,3068,361,4088,1296,2792,2502,295,20,147,227,1673,1999,980
1315,156,81,75,267,244,182,37,121,50,88,15,123,29,94,62,22,20,0,7,64,79,23
1316,48,27,21,268,1014,689,99,544,240,381,58,470,162,308,325,41,20,14,50,38,225,112
1317,2313,1279,1034,269,4109,3019,517,2196,1024,1670,323,1913,564,1349,1090,194,20,67,923,729,1327,379
1318,337,191,146,270,1094,761,183,595,244,426,110,499,164,335,333,73,20,154,299,284,313,151
1319,2123,1114,1009,271,2644,1631,222,1349,678,862,119,1295,526,769,1013,103,20,15,473,406,496,320
1320,5642,3187,2455,272,6422,3853,309,3594,1563,2308,185,2828,1283,1545,2569,124,20,14,400,210,1170,591
1321,642,326,316,273,3287,2018,267,1712,800,1069,147,1575,626,949,1269,120,20,103,744,741,777,520
1322,465,245,220,274,1271,888,154,666,332,478,96,605,195,410,383,58,20,139,189,297,307,173
1323,7558,3812,3746,275,8119,5474,679,4092,1962,2767,345,4027,1320,2707,2645,334,20,204,363,2033,2113,847
1324,317,159,158,276,702,522,123,346,175,258,57,356,92,264,180,66,20,9,175,194,200,99
1325,392,207,185,277,12425,8525,1213,6322,2934,4456,656,6103,2034,4069,3900,557,20,438,1623,2000,2906,1581
1326,25967,13527,12440,278,39680,26684,3149,20639,9307,14174,1706,19041,6531,12510,12996,1443,20,3695,3137,7013,9865,5063
1327,1643,861,782,279,2665,1884,263,1433,641,1028,131,1232,376,856,781,132,20,35,502,565,660,336
1328,1074,602,472,280,2279,1710,319,1192,522,923,183,1087,300,787,569,136,20,14,17,481,703,237
1329,6,3,3,281,266,220,64,128,65,113,32,138,31,107,46,32,20,0,2,28,91,21
1330,259,129,130,282,729,513,75,364,192,255,42,365,107,258,216,33,20,29,22,117,209,84
1331,4,3,1,283,997,701,154,526,223,380,91,471,150,321,296,63,20,7,36,127,264,145
1332,2833,1574,1259,284,3149,2025,348,1758,771,1159,194,1391,525,866,1124,154,20,66,482,339,697,432
1333,901,484,417,285,3662,2552,292,1864,864,1316,164,1798,562,1236,1110,128,20,202,122,312,885,443
1334,676,353,323,286,3164,2329,542,1679,752,1258,295,1485,414,1071,835,247,20,39,200,464,862,327
1335,12,8,4,287,296,234,80,173,62,144,59,123,33,90,62,21,20,4,2,85,100,30
1336,551,304,247,288,593,396,39,320,130,223,22,273,100,173,197,17,20,27,55,129,184,104
1337,3,3,0,289,1135,830,196,618,270,474,107,517,161,356,305,89,20,23,66,225,330,124
1338,5,1,4,290,975,667,139,523,244,356,71,452,141,311,308,68,20,19,18,185,230,84
1339,66,37,29,291,4245,2778,388,2179,1027,1458,195,2066,746,1320,1467,193,20,131,760,830,1015,513
1340,76,42,34,292,1411,888,117,753,380,483,57,658,253,405,523,60,20,60,22,200,278,178
1341,609,360,249,293,15993,11726,812,8473,3719,6419,460,7520,2213,5307,4267,352,20,258,251,427,2692,919
1342,200,113,87,294,7024,5183,755,3779,1701,2827,415,3245,889,2356,1841,340,20,259,617,454,1594,505
1343,189,112,77,295,9313,6793,902,4878,2169,3611,493,4435,1253,3182,2520,409,20,96,294,511,2060,769
1344,571,292,279,296,890,685,192,443,209,346,98,447,108,339,205,94,20,2,17,231,268,92
1345,2315,1251,1064,297,2504,1594,163,1338,620,879,96,1166,451,715,910,67,20,44,505,518,525,332
1346,3738,2076,1662,298,12511,9179,1067,6556,2938,4852,611,5955,1628,4327,3332,456,20,896,746,954,3074,1414
1347,885,470,415,299,1063,773,136,560,263,426,75,503,156,347,290,61,20,0,3,270,283,137
1348,4609,2519,2090,300,6664,4510,558,3605,1611,2464,276,3059,1013,2046,2154,282,20,227,821,778,1484,753
1349,26,14,12,301,1505,1163,261,801,349,644,152,704,185,519,342,109,20,25,61,203,415,133
1350,3230,1755,1475,302,4539,2845,299,2422,1112,1582,166,2117,854,1263,1694,133,20,172,195,713,1017,568
1351,886,476,410,303,1089,820,191,582,239,464,128,507,151,356,269,63,20,1,6,284,331,132
1352,62,31,31,304,735,540,157,383,185,291,88,352,103,249,195,69,20,100,153,230,236,101
1353,1956,951,1005,305,4234,3241,551,2214,930,1717,275,2020,496,1524,993,276,20,21,26,298,961,289
1354,2527,1327,1200,306,3551,2065,201,1852,855,1103,99,1699,737,962,1486,102,20,168,450,648,828,504
1355,754,360,394,307,10014,7218,1096,5074,2418,3690,591,4940,1412,3528,2796,505,20,469,148,1303,2604,1158
1356,1497,762,735,308,3146,2307,260,1600,754,1193,124,1546,432,1114,839,136,20,25,47,200,687,420
1357,9661,5063,4598,309,11653,7721,956,6063,2679,4101,510,5590,1970,3620,3932,446,20,1206,1082,2387,3068,1738
1358,1025,539,486,310,8561,5795,471,4414,2087,3051,242,4147,1403,2744,2766,229,20,708,571,351,1969,980
1359,449,241,208,311,545,402,138,287,137,215,79,258,71,187,143,59,20,5,159,114,162,64
1360,10556,5592,4964,312,12387,7941,1048,6581,3012,4243,565,5806,2108,3698,4446,483,20,1518,623,1644,2696,1430
1361,431,235,196,313,779,628,160,421,191,346,90,358,76,282,151,70,20,18,264,281,292,101
1362,12,9,3,314,1561,1152,145,824,397,626,74,737,211,526,409,71,20,5,38,374,395,156
1363,910,511,399,315,1694,1228,226,924,390,694,133,770,236,534,466,93,20,411,338,232,466,230
1364,20,14,6,316,693,509,95,356,163,266,55,337,94,243,184,40,20,2,160,195,199,95
1365,12,6,6,317,1239,870,180,679,296,483,111,560,173,387,369,69,20,81,253,270,402,139
1366,1560,893,667,318,48336,34188,2399,24955,11398,18058,1314,23381,7251,16130,14148,1085,20,543,556,3401,10440,5421
1367,1003,517,486,319,1074,774,141,551,246,415,71,523,164,359,300,70,20,2,42,305,306,154
1368,469,259,210,320,668,489,128,341,162,273,73,327,111,216,179,55,20,12,160,198,218,62
1369,0,0,0,321,720,482,113,378,175,257,64,342,117,225,238,49,20,10,10,141,205,78
1370,687,375,312,322,790,549,120,425,190,295,73,365,111,254,241,47,20,4,192,209,221,116
1371,1939,1015,924,323,2098,1333,175,1097,483,706,98,1001,374,627,765,77,20,7,418,460,490,241
1372,3898,2049,1849,324,47476,32514,3322,24386,10953,17009,1772,23090,7585,15505,14962,1550,20,1561,1648,4346,10576,5729
1373,9918,5131,4787,325,10810,7296,768,5611,2434,3844,402,5199,1747,3452,3514,366,20,173,791,1126,2679,1449
1374,4483,2275,2208,326,5134,3135,408,2623,1263,1635,236,2511,1011,1500,1999,172,20,294,1127,1127,1146,613
1375,574,275,299,327,15152,10840,1543,7683,3582,5557,729,7469,2186,5283,4312,814,20,371,176,1692,4112,1717
1376,0,0,0,328,1208,807,71,610,296,418,36,598,209,389,401,35,20,53,292,292,302,199
1377,16,7,9,329,1225,885,185,628,289,468,91,597,180,417,340,94,20,20,124,344,348,154
1378,733,399,334,330,4232,2881,400,2170,1033,1485,212,2062,666,1396,1351,188,20,77,902,1025,1151,541
1379,362,188,174,331,873,658,197,466,199,360,105,407,109,298,215,92,20,13,223,292,315,96
1380,4,3,1,332,343,265,94,181,84,149,56,162,46,116,78,38,20,2,61,60,110,37
1381,175,95,80,333,2626,2014,339,1372,634,1089,173,1254,329,925,612,166,20,13,22,267,763,279
1382,2549,1400,1149,334,46152,32363,3481,23622,11047,16961,1841,22530,7128,15402,13789,1640,20,1481,1975,5600,11510,5526
1383,850,455,395,335,910,583,69,476,236,312,38,434,163,271,327,31,20,12,149,271,274,128
1384,1504,779,725,336,1698,1253,196,873,421,635,106,825,207,618,445,90,20,35,188,429,436,193
1385,3983,2173,1810,337,4813,3323,577,2593,1114,1858,339,2220,755,1465,1490,238,20,178,203,961,1313,479
1386,1054,557,497,338,10737,7889,755,5717,2627,4315,438,5020,1446,3574,2848,317,20,380,1056,324,2097,877
1387,112,61,51,339,4016,2965,455,2144,976,1608,239,1872,515,1357,1051,216,20,75,177,496,1033,426
1388,228,126,102,340,1680,1286,444,921,418,707,252,759,180,579,394,192,20,51,124,432,572,168
1389,1,0,1,341,236,171,40,134,64,98,22,102,29,73,65,18,20,1,9,20,69,20
1390,166,83,83,342,3336,2431,179,1822,711,1361,106,1514,444,1070,905,73,20,26,70,109,876,271
1391,500,258,242,343,1933,1520,273,1008,431,797,148,925,202,723,413,125,20,127,274,204,501,243
1392,29,19,10,344,2678,1808,234,1398,630,963,124,1280,435,845,870,110,20,29,173,624,718,354
1393,263,146,117,345,4072,2915,428,2080,969,1484,209,1992,561,1431,1157,219,20,152,114,679,1041,454
1394,684,386,298,346,1441,1067,215,816,316,603,110,625,161,464,374,105,20,2,15,389,438,181
1395,329,142,187,347,3587,2463,254,1837,883,1271,125,1750,558,1192,1124,129,20,32,818,717,830,506
1396,2419,1280,1139,348,8352,6011,1093,4423,1939,3248,617,3929,1166,2763,2341,476,20,150,519,1254,2241,946
1397,537,284,253,349,1967,1503,261,1078,432,823,150,889,209,680,464,111,20,270,388,289,503,182
1398,1036,606,430,350,18195,14447,976,9855,4335,7955,570,8340,1848,6492,3748,406,20,93,13,407,1840,814
1399,20,8,12,351,2820,2003,351,1502,670,1107,199,1318,422,896,817,152,20,36,449,499,775,286
1400,3180,1608,1572,352,3526,1915,161,1783,824,965,79,1743,793,950,1611,82,20,28,373,263,422,343
1401,14,11,3,353,2153,1456,183,1094,518,756,85,1059,359,700,697,98,20,17,328,372,525,226
1402,473,237,236,354,516,357,79,253,118,183,49,263,89,174,159,30,20,18,121,132,146,61
1403,333,160,173,355,727,534,121,369,179,267,59,358,91,267,193,62,20,1,189,216,216,98
1404,1535,791,744,356,2067,1581,311,1053,535,823,159,1014,256,758,486,152,20,43,67,224,615,222
1405,7,5,2,357,762,621,169,403,182,325,87,359,63,296,141,82,20,5,81,150,268,79
1406,32,14,18,358,1950,1500,373,1005,461,774,198,945,219,726,450,175,20,94,352,244,597,161
1407,884,459,425,359,918,755,173,473,234,394,94,445,84,361,163,79,20,3,200,226,251,79
1408,964,527,437,360,3773,2793,446,1997,864,1529,231,1776,512,1264,980,215,20,113,778,554,1019,423
1409,819,451,368,361,871,604,101,485,207,343,57,386,125,261,267,44,20,5,207,234,260,132
1410,222,117,105,362,1427,1076,287,797,328,618,165,630,172,458,351,122,20,20,94,212,384,133
1411,113,62,51,363,2572,1956,322,1346,585,1028,167,1226,298,928,616,155,20,18,184,372,668,277
1412,4679,2583,2096,364,15987,10529,994,8368,3711,5639,544,7619,2729,4890,5458,450,20,85,1025,1700,3492,1814
1413,487,246,241,365,1068,812,172,559,252,432,96,509,129,380,256,76,20,36,207,217,365,119
1414,275,130,145,366,3905,2414,284,2025,926,1283,145,1880,749,1131,1491,139,20,47,403,550,913,519
1415,3939,2017,1922,367,4460,3152,282,2272,1084,1633,141,2188,669,1519,1308,141,20,382,235,398,1013,549
1416,18,7,11,368,1930,1427,241,977,440,732,125,953,258,695,503,116,20,43,216,126,475,218
1417,22,11,11,369,1931,1448,218,983,451,770,101,948,270,678,483,117,20,12,45,261,514,155
1418,79,43,36,370,663,467,98,359,141,262,63,304,99,205,196,35,20,4,133,184,209,65
1419,595,354,241,371,1031,774,215,562,242,435,125,469,130,339,257,90,20,16,245,338,369,109
1420,1235,669,566,372,1556,1217,323,847,360,676,197,709,168,541,339,126,20,217,420,458,485,155
1421,1,0,1,373,366,264,82,195,97,141,45,171,48,123,102,37,20,12,32,116,116,41
1422,1250,659,591,374,1548,945,139,820,375,515,89,728,298,430,603,50,20,38,206,261,378,231
1423,1883,1027,856,375,12814,9424,544,6875,2954,5196,296,5939,1711,4228,3390,248,20,318,86,312,1970,986
1424,2,2,0,376,356,252,83,188,81,130,44,168,46,122,104,39,20,3,7,72,105,30
1425,870,431,439,377,11616,7681,1121,6116,2782,4160,577,5500,1979,3521,3935,544,20,871,2698,2891,3097,1580
1426,768,426,342,378,3425,2386,374,1801,796,1252,211,1624,490,1134,1039,163,20,130,450,563,842,392
1427,2336,1266,1070,379,2921,1911,285,1578,723,1064,191,1343,496,847,1010,94,20,22,621,579,719,355
1428,615,308,307,380,2127,1577,244,1091,527,818,127,1036,277,759,550,117,20,62,385,204,514,244
1429,6,3,3,381,2675,1871,315,1393,626,983,177,1282,394,888,804,138,20,1,19,322,646,213
1430,370,194,176,382,1116,792,171,592,268,427,96,524,159,365,324,75,20,99,181,298,313,167
1431,8,4,4,383,583,440,93,298,139,227,48,285,72,213,143,45,20,8,103,149,165,68
1432,2998,1549,1449,384,4754,3219,422,2496,1142,1720,226,2258,759,1499,1535,196,20,116,865,425,1119,512
1433,8030,4344,3686,385,93188,67739,5471,49710,21545,36941,3124,43478,12680,30798,25449,2347,20,5736,1824,2656,15392,6676
1434,12443,6436,6007,386,18512,11381,967,9525,4583,6007,481,8987,3613,5374,7131,486,20,752,3603,4055,4087,2507
1435,11,3,8,387,2914,2164,385,1498,674,1133,200,1416,385,1031,750,185,20,16,255,273,758,252
1436,13,9,4,388,2372,1489,140,1218,554,790,76,1154,455,699,883,64,20,241,569,266,580,324
1437,878,495,383,389,952,781,121,534,213,458,63,418,95,323,171,58,20,1,149,166,212,104
1438,5981,3147,2834,390,49459,38174,3648,26234,11509,20739,2032,23225,5790,17435,11285,1616,20,548,52,1475,7530,3317
1439,3084,1596,1488,391,3361,2007,210,1739,815,1086,111,1622,701,921,1354,99,20,77,636,439,776,551
1440,3234,1731,1503,392,6398,4347,722,3340,1525,2369,428,3058,1080,1978,2051,294,20,720,1749,1776,1824,869
1441,2914,1565,1349,393,3855,2808,326,2054,964,1542,186,1801,535,1266,1047,140,20,62,656,426,852,425
1442,2532,1284,1248,394,2766,2017,327,1412,671,1041,167,1354,378,976,749,160,20,108,125,736,777,240
1443,1382,792,590,395,1720,1203,379,978,407,703,239,742,242,500,517,140,20,141,509,497,516,190
1444,2929,1658,1271,396,3237,2188,375,1801,800,1302,236,1436,550,886,1049,139,20,151,134,875,911,498
1445,9751,5452,4299,397,39945,27786,2789,21395,9463,15273,1677,18550,6037,12513,12159,1112,20,2173,4410,3383,9367,3945
1446,335,176,159,398,4418,3259,680,2315,1050,1725,346,2103,569,1534,1159,334,20,81,537,542,1226,462
1447,3549,1854,1695,399,34115,24398,1440,17670,7999,12999,784,16445,5046,11399,9717,656,20,1222,592,930,6733,3111
1448,12,7,5,400,1568,1169,297,826,367,636,166,742,209,533,399,131,20,12,67,434,460,159
1449,1861,933,928,401,24076,16784,1238,12284,5552,8596,607,11792,3604,8188,7292,631,20,360,774,2097,5545,2820
1450,39,17,22,402,1075,759,90,554,268,399,53,521,161,360,316,37,20,21,47,177,297,109
1451,230,117,113,403,2971,2130,183,1549,711,1139,96,1422,431,991,841,87,20,84,19,98,737,292
1452,8,3,5,404,733,560,116,386,179,303,62,347,90,257,173,54,20,2,110,142,224,74
1453,296,182,114,405,2110,1519,305,1163,500,877,183,947,305,642,591,122,20,5,43,432,595,245
1454,18112,9326,8786,406,20328,13222,1724,10474,4892,6895,885,9854,3527,6327,7106,839,20,3569,3111,4814,5214,2877
1455,0,0,0,407,9078,6022,541,4509,2093,3008,285,4569,1555,3014,3056,256,20,0,0,0,0,0
1456,51,30,21,408,482,348,62,236,118,173,28,246,71,175,134,34,20,18,95,96,137,48
1457,606,359,247,409,8918,6948,648,4779,2040,3807,338,4139,998,3141,1970,310,20,93,116,299,1464,481
1458,1103,552,551,410,3353,2262,427,1699,804,1134,229,1654,526,1128,1091,198,20,73,214,857,910,352
1459,233,128,105,411,813,621,99,444,193,348,53,369,96,273,192,46,20,15,100,60,218,80
1460,1470,744,726,412,3168,2146,247,1617,770,1082,134,1551,487,1064,1022,113,20,71,578,723,810,452
1461,1828,893,935,413,45680,32259,1780,23385,10996,16783,853,22295,6819,15476,13421,927,20,360,291,2079,9538,5110
1462,3312,1743,1569,414,11400,8120,1029,5801,2703,4142,528,5599,1621,3978,3280,501,20,747,337,1251,3017,1155
1463,679,362,317,415,4990,3393,458,2598,1202,1834,244,2392,833,1559,1597,214,20,29,276,457,1195,458
1464,54,33,21,416,488,382,112,257,97,205,63,231,54,177,106,49,20,23,123,163,170,60
1465,5252,2802,2450,417,9474,6725,935,5030,2169,3635,492,4444,1354,3090,2749,443,20,113,693,2170,2494,835
1466,687,368,319,418,13148,9732,1349,6706,3177,5121,669,6442,1831,4611,3416,680,20,75,126,977,3078,1479
1467,240,128,112,419,499,363,83,273,106,203,47,226,66,160,136,36,20,3,19,123,155,35
1468,1639,877,762,420,1844,1249,88,984,459,688,60,860,299,561,595,28,20,8,303,412,452,233
1469,61,29,32,421,4555,3424,456,2366,1084,1791,210,2189,556,1633,1131,246,20,70,56,496,1197,535
1470,226,129,97,422,585,452,124,316,147,245,78,269,62,207,133,46,20,14,54,158,195,67
1471,8,6,2,423,466,374,132,233,119,191,73,233,50,183,92,59,20,7,24,129,142,51
1472,804,414,390,424,3894,2478,307,2011,940,1313,160,1883,718,1165,1416,147,20,59,577,885,923,536
1473,1747,896,851,425,2086,1464,176,1059,484,768,83,1027,331,696,622,93,20,42,620,620,631,296
1474,7516,3891,3625,426,8593,5288,739,4428,2069,2807,416,4165,1684,2481,3305,323,20,284,1574,1530,1590,1052
1475,0,0,0,427,16518,12025,1442,8654,3979,6402,767,7864,2241,5623,4493,675,20,0,0,0,0,0
1476,1577,765,812,428,1924,1231,134,960,486,626,76,964,359,605,693,58,20,11,67,451,458,247
1477,52,22,30,429,1471,1052,214,754,310,548,109,717,213,504,419,105,20,86,226,275,370,163
1478,127,67,60,430,360,296,101,187,77,161,56,173,38,135,64,45,20,6,37,111,116,54
1479,247,123,124,431,1692,1236,188,874,397,640,96,818,222,596,456,92,20,84,138,412,401,183
1480,845,423,422,432,901,727,113,451,212,370,55,450,93,357,174,58,20,0,1,263,283,76
1481,2220,1189,1031,433,2571,1485,121,1365,600,837,64,1206,558,648,1086,57,20,31,283,489,580,335
1482,3871,2104,1767,434,4214,2627,369,2271,1010,1469,225,1943,785,1158,1587,144,20,56,217,1047,1085,517
1483,3162,1625,1537,435,3465,2236,244,1772,880,1195,139,1693,652,1041,1229,105,20,12,597,771,892,404
1484,898,479,419,436,981,694,157,514,239,389,85,467,162,305,287,72,20,288,285,269,289,109
1485,8239,4333,3906,437,8922,6050,814,4674,2152,3241,487,4248,1439,2809,2872,327,20,62,1599,1250,2072,920
1486,725,350,375,438,1635,1096,130,829,373,555,67,806,265,541,539,63,20,19,215,410,413,223
1487,8299,4279,4020,439,25130,16612,1399,12752,5880,8615,711,12378,4381,7997,8518,688,20,1632,1322,4091,5862,3125
1488,333,172,161,440,839,670,125,436,204,356,62,403,89,314,169,63,20,6,22,244,281,83
1489,7847,3940,3907,441,8795,5525,434,4455,2062,2866,191,4340,1681,2659,3270,243,20,113,97,975,1943,1021
1490,183,102,81,442,267,208,55,142,57,114,31,125,31,94,59,24,20,0,2,59,75,28
1491,356,194,162,443,472,369,85,260,114,207,48,212,50,162,103,37,20,2,95,129,136,42
1492,185,99,86,444,411,284,55,221,92,156,34,190,62,128,127,21,20,9,78,117,119,43
1493,1367,700,667,445,1514,1056,120,766,364,566,77,748,258,490,458,43,20,15,341,344,347,192
1494,5653,2960,2693,446,6048,4397,791,3178,1425,2358,445,2870,831,2039,1651,346,20,293,1166,1509,1601,746
1495,2591,1434,1157,447,16340,11087,1405,8584,3792,6081,742,7756,2750,5006,5253,663,20,115,559,2947,4098,1871
1496,408,218,190,448,2234,1186,95,1171,533,647,54,1063,524,539,1048,41,20,12,263,383,384,295
1497,6,4,2,449,2939,2168,382,1498,672,1133,198,1441,406,1035,771,184,20,68,249,891,891,357
1498,7330,3794,3536,450,12683,6720,522,6583,3042,3623,294,6100,3003,3097,5963,228,20,532,2688,2671,2697,1863
1499,768,409,359,451,875,665,203,469,208,366,121,406,107,299,210,82,20,165,79,280,286,99
1500,2754,1567,1187,452,3995,3022,506,2196,921,1692,292,1799,469,1330,973,214,20,26,237,528,978,422
1501,249,126,123,453,3708,2704,394,1860,920,1382,206,1848,526,1322,1004,188,20,58,42,588,952,485
1502,2722,1371,1351,454,2920,2042,251,1467,695,1039,129,1453,450,1003,878,122,20,27,433,768,785,381
1503,8,6,2,455,2583,1710,291,1366,605,937,155,1217,444,773,873,136,20,64,294,516,638,366
1504,471,261,210,456,1441,1052,201,750,336,558,107,691,197,494,389,94,20,9,52,283,384,152
1505,2510,1303,1207,457,3082,2098,204,1594,725,1097,121,1488,487,1001,984,83,20,49,298,822,850,363
1506,823,435,388,458,967,748,168,511,232,388,85,456,96,360,219,83,20,25,107,285,289,79
1507,558,356,202,459,4371,3272,928,2434,1109,1906,565,1937,571,1366,1099,363,20,127,191,911,1383,381
1508,2345,1209,1136,460,4983,3378,450,2599,1184,1802,255,2384,808,1576,1605,195,20,127,697,1236,1305,615
1509,127,76,51,461,518,415,150,276,115,217,87,242,44,198,103,63,20,5,73,175,187,49
1510,26,19,7,462,4083,2939,459,2195,949,1635,257,1888,584,1304,1144,202,20,29,119,716,1053,389
1511,13,8,5,463,529,413,141,281,113,214,75,248,49,199,116,66,20,11,78,169,180,51
1512,2,2,0,464,351,270,89,198,89,152,56,153,35,118,81,33,20,21,36,105,125,33
1513,1281,645,636,465,1598,1000,116,824,376,522,62,774,296,478,598,54,20,2,19,373,381,208
1514,9970,5181,4789,466,13041,8258,569,6763,3100,4368,284,6278,2388,3890,4783,285,20,901,2115,2835,2882,1872
1515,4268,2353,1915,467,19201,13469,1653,10067,4542,7185,864,9134,2850,6284,5732,789,20,638,435,2269,4437,2128
1516,10351,5340,5011,468,14135,8864,962,7225,3358,4671,477,6910,2717,4193,5271,485,20,529,1746,2959,3217,1240
1517,22951,12390,10561,469,36275,23393,2952,18990,8520,12843,1624,17285,6735,10550,12882,1328,20,435,2680,4816,7558,3913
1518,2633,1315,1318,470,4886,3645,545,2441,1128,1864,273,2445,664,1781,1241,272,20,20,311,1177,1407,659
1519,432,220,212,471,498,375,43,248,111,180,20,250,55,195,123,23,20,6,4,148,161,70
1520,505,247,258,472,3326,2554,454,1684,803,1305,222,1642,393,1249,772,232,20,29,104,317,987,296
1521,1044,563,481,473,1292,933,172,684,336,510,88,608,185,423,359,84,20,3,55,326,343,118
1522,66,39,27,474,3284,2380,372,1651,778,1234,215,1633,487,1146,904,157,20,48,109,727,919,354
1523,7967,4269,3698,475,9681,6910,974,5183,2304,3808,506,4498,1396,3102,2771,468,20,192,194,397,2316,1114
1524,3,0,3,476,393,306,69,204,96,167,39,189,50,139,87,30,20,1,28,104,114,41
1525,96,52,44,477,1445,1054,133,740,333,534,68,705,185,520,391,65,20,73,38,334,369,133
1526,24,14,10,478,1785,1372,440,943,453,734,222,842,204,638,413,218,20,43,443,518,599,163
1527,2,0,2,479,202,170,59,98,43,79,28,104,13,91,32,31,20,1,72,50,73,17
1528,773,411,362,480,877,650,162,465,193,356,95,412,118,294,227,67,20,41,252,258,276,83
1529,1681,885,796,481,1820,1354,325,952,462,724,184,868,238,630,466,141,20,152,520,547,548,255
1530,9511,5179,4332,482,53148,37117,3648,27315,12552,19517,1983,25833,8233,17600,16031,1665,20,3073,1877,4476,11468,5957
1531,116,66,50,483,10397,7460,851,5412,2516,3965,458,4985,1490,3495,2937,393,20,667,1685,637,2613,1152
1532,383,214,169,484,4250,2905,507,2235,1060,1599,261,2015,709,1306,1345,246,20,171,157,668,1044,447
1533,49,27,22,485,3208,2089,293,1585,765,1026,142,1623,560,1063,1119,151,20,172,378,714,799,333
1534,40,23,17,486,2403,1722,289,1254,605,910,159,1149,337,812,681,130,20,76,115,343,659,309
1535,29,20,9,487,1995,1418,215,1000,438,729,112,995,306,689,577,103,20,61,406,152,570,240
1536,2,2,0,488,114,87,33,64,31,45,20,50,8,42,27,13,20,1,1,15,36,11
1537,1196,628,568,489,4994,3328,380,2499,1167,1675,185,2495,842,1653,1666,195,20,142,313,1117,1190,628
1538,2820,1470,1350,490,3098,1922,231,1619,728,1020,127,1479,577,902,1176,104,20,18,307,715,743,424
1539,754,354,400,491,4404,2578,216,2206,1067,1322,105,2198,942,1256,1826,111,20,15,685,772,779,449
1540,1438,794,644,492,2956,2077,529,1607,700,1155,304,1349,427,922,879,225,20,273,393,807,889,352
1541,27,17,10,493,523,409,94,281,108,221,47,242,54,188,114,47,20,5,7,80,168,61
1542,4319,2391,1928,494,4662,2984,422,2554,1133,1736,266,2108,860,1248,1678,156,20,134,1023,919,1021,512
1543,1245,616,629,495,3101,1961,204,1549,703,980,91,1552,571,981,1140,113,20,83,468,703,734,440
1544,183,111,72,496,1736,1243,204,908,452,670,111,828,255,573,493,93,20,2,181,423,495,147
1545,3985,2184,1801,497,4352,2696,288,2372,992,1557,169,1980,841,1139,1656,119,20,15,629,662,816,532
1546,1978,1032,946,498,6885,4748,665,3455,1715,2401,312,3430,1083,2347,2137,353,20,913,326,1171,1850,824
1547,80,55,25,499,2090,1505,253,1135,519,843,137,955,293,662,585,116,20,34,8,144,576,190
1548,1518,864,654,500,8330,5690,1089,4426,2006,3085,610,3904,1299,2605,2640,479,20,221,1334,1983,2391,1041
1549,146,76,70,501,936,722,218,480,241,390,117,456,124,332,214,101,20,12,70,237,287,78
1550,4735,2416,2319,502,5187,3537,558,2650,1205,1839,318,2537,839,1698,1650,240,20,176,811,672,1315,671
1551,276,142,134,503,402,309,74,206,83,160,38,196,47,149,93,36,20,0,4,103,107,40
1552,685,357,328,504,1654,1118,141,857,424,610,70,797,289,508,536,71,20,4,31,343,394,159
1553,444,250,194,505,7965,6166,1061,4016,1872,3174,506,3949,957,2992,1799,555,20,133,53,711,2275,733
1554,572,301,271,506,755,570,133,400,152,302,69,355,87,268,185,64,20,5,5,159,196,68
1555,48,29,19,507,3469,2284,289,1747,790,1145,143,1722,583,1139,1185,146,20,100,234,746,869,335
1556,101,56,45,508,1486,1163,248,764,328,594,125,722,153,569,323,123,20,21,13,125,462,114
1557,8575,4530,4045,509,10738,6436,520,5626,2482,3495,266,5112,2171,2941,4302,254,20,420,1750,1945,2233,1328
1558,101,57,44,510,652,481,110,364,151,275,69,288,82,206,171,41,20,10,178,183,193,85
1559,1696,900,796,511,3124,1991,354,1596,761,1027,189,1528,564,964,1133,165,20,271,611,599,746,386
1560,298,155,143,512,870,561,69,449,205,293,43,421,153,268,309,26,20,5,54,184,187,92
1561,2855,1457,1398,513,9157,6240,854,4550,2240,3187,438,4607,1554,3053,2917,416,20,80,120,1698,2480,1111
1562,909,483,426,514,1020,685,90,534,240,364,46,486,165,321,335,44,20,5,126,251,252,166
1563,4620,2308,2312,515,64639,46708,4827,33623,15558,24515,2566,31016,8823,22193,17931,2261,20,1218,683,4279,13829,7362
1564,67,38,29,516,5093,3327,372,2611,1209,1747,198,2482,902,1580,1766,174,20,18,75,952,1215,619
1565,4426,2399,2027,517,4815,3182,464,2599,1132,1763,294,2216,797,1419,1633,170,20,96,988,998,1206,620
1566,1,1,0,518,132,103,33,72,41,57,14,60,14,46,29,19,20,1,12,25,44,12
1567,528,272,256,519,2988,2285,272,1511,686,1193,143,1477,385,1092,703,129,20,72,44,239,694,290
1568,1543,843,700,520,6921,4880,857,3636,1617,2632,462,3285,1037,2248,2041,395,20,81,173,728,1622,625
1569,35,22,13,521,235,180,48,122,51,100,32,113,33,80,55,16,20,10,33,62,72,35
1570,841,442,399,522,1030,718,176,535,226,393,91,495,170,325,312,85,20,4,56,273,294,146
1571,56,29,27,523,1503,1108,249,800,357,614,136,703,209,494,395,113,20,15,175,227,376,159
1572,3,2,1,524,314,264,75,156,82,134,40,158,28,130,50,35,20,0,1,94,101,23
1573,174,82,92,525,12161,8811,1384,6139,2926,4514,693,6022,1725,4297,3350,691,20,408,203,1471,3257,1214
1574,8527,4596,3931,526,17583,11675,1155,9172,4186,6291,636,8411,3027,5384,5908,519,20,124,1025,2445,4468,2165
1575,2094,1128,966,527,2600,1587,204,1391,654,864,101,1209,486,723,1013,103,20,5,556,580,610,378
1576,767,431,336,528,980,725,202,558,219,416,104,422,113,309,255,98,20,5,17,236,310,84
1577,1257,634,623,529,1380,807,83,701,324,429,42,679,301,378,573,41,20,63,178,137,201,160
1578,505,257,248,530,3617,2544,276,1914,879,1373,151,1703,532,1171,1073,125,20,300,745,481,827,423
1579,1197,625,572,531,2632,1894,245,1371,565,1005,110,1261,372,889,738,135,20,19,135,378,650,269
1580,3376,1808,1568,532,3705,2521,492,1965,869,1415,293,1740,634,1106,1184,199,20,57,898,871,932,415
1581,202,114,88,533,2132,1518,224,1107,504,811,122,1025,318,707,614,102,20,14,69,220,517,257
1582,3459,1869,1590,534,3923,2510,326,2115,933,1397,185,1808,695,1113,1413,141,20,32,471,850,873,491
1583,2729,1463,1266,535,2961,1917,184,1584,672,1048,99,1377,508,869,1044,85,20,24,569,618,658,360
1584,3,3,0,536,413,333,91,220,93,176,52,193,36,157,80,39,20,2,40,85,142,48
1585,966,501,465,537,6495,4660,1074,3463,1547,2556,600,3032,928,2104,1835,474,20,97,343,889,1705,543
1586,14,9,5,538,669,470,83,360,167,259,48,309,98,211,199,35,20,60,57,104,167,82
1587,135,67,68,539,5591,4092,414,2877,1350,2138,220,2714,760,1954,1499,194,20,86,1177,192,1135,467
1588,130,74,56,540,7707,5523,668,4096,1840,3033,364,3611,1121,2490,2184,304,20,55,88,606,1683,756
1589,1355,714,641,541,1622,1252,235,850,395,657,121,772,177,595,370,114,20,1,25,347,533,154
1590,3,1,2,542,825,622,133,449,207,335,77,376,89,287,203,56,20,1,69,77,225,102
1591,3068,1668,1400,543,5869,3815,385,3050,1420,2038,209,2819,1042,1777,2054,176,20,97,599,1006,1329,844
1592,704,367,337,544,1016,766,208,543,238,408,111,473,115,358,250,97,20,0,26,264,288,110
1593,1674,927,747,545,9876,6946,854,5283,2382,3808,509,4593,1455,3138,2930,345,20,150,169,680,2184,1037
1594,3741,1983,1758,546,5784,4428,691,3030,1405,2374,388,2754,700,2054,1356,303,20,147,176,646,1202,560
1595,45,25,20,547,931,696,157,505,203,375,91,426,105,321,235,66,20,3,12,220,285,78
1596,9,6,3,548,1607,1068,240,874,416,618,137,733,283,450,539,103,20,146,65,220,437,196
1597,4795,2543,2252,549,11034,8194,1837,5929,2640,4493,988,5105,1404,3701,2840,849,20,90,920,2338,2957,1240
1598,2634,1366,1268,550,5491,4064,554,2904,1322,2175,300,2587,698,1889,1427,254,20,200,561,415,1287,602
1599,5226,2937,2289,551,22545,16255,1819,11998,5223,8925,1044,10547,3217,7330,6290,775,20,418,1094,1194,5144,1886
1600,9,4,5,552,438,302,70,226,101,162,38,212,72,140,136,32,20,6,47,106,136,52
1601,1227,672,555,553,10208,7488,717,5405,2382,4035,423,4803,1350,3453,2720,294,20,257,272,518,1809,895
1602,4309,2260,2049,554,5361,3577,547,2793,1321,1913,308,2568,904,1664,1784,239,20,12,536,1166,1351,630
1603,20,14,6,555,3032,2271,343,1605,713,1214,185,1427,370,1057,761,158,20,137,472,334,775,265
1604,0,0,0,556,260,185,38,142,65,99,24,118,32,86,75,14,20,0,10,47,76,22
1605,8272,4258,4014,557,15347,11546,1769,7929,3698,6040,889,7418,1912,5506,3801,880,20,32,53,986,3310,1596
1606,212,130,82,558,1371,993,197,744,358,549,105,627,183,444,378,92,20,28,264,126,394,147
1607,12391,6476,5915,559,22699,16175,2114,11816,5461,8506,1049,10883,3214,7669,6524,1065,20,908,3957,4024,5360,1774
1608,5400,2961,2439,560,6646,4916,940,3597,1618,2720,505,3049,853,2196,1730,435,20,54,410,1139,1680,830
1609,21,11,10,561,2789,1915,228,1429,654,1008,125,1360,453,907,874,103,20,163,791,469,808,442
1610,16,6,10,562,1554,1113,158,796,362,581,78,758,226,532,441,80,20,12,76,299,405,181
1611,0,0,0,563,1264,982,228,684,302,528,134,580,126,454,282,94,20,15,231,298,339,134
1612,862,461,401,564,1129,823,212,601,252,446,108,528,151,377,306,104,20,59,329,342,346,148
1613,4485,2522,1963,565,43279,29958,2179,22673,10289,16279,1163,20606,6927,13679,13321,1016,20,4286,3011,1692,9985,4260
1614,55,29,26,566,3010,2062,306,1510,694,1067,164,1500,505,995,948,142,20,165,423,788,797,424
1615,11,7,4,567,3142,2176,420,1639,722,1163,215,1503,490,1013,966,205,20,174,83,786,800,353
1616,251,147,104,568,1431,1034,227,773,321,558,115,658,182,476,397,112,20,8,89,241,393,114
1617,593,315,278,569,1616,1173,372,857,385,642,194,759,228,531,443,178,20,216,458,360,521,171
1618,699,405,294,570,19849,14258,1797,10578,4657,7765,985,9271,2778,6493,5591,812,20,700,1253,1912,4571,1899
1619,3760,2186,1574,1,65048,42259,3770,34096,15630,22971,2071,30952,11664,19288,22789,1699,21,1758,842,4598,12152,6819
1620,225,105,120,2,9095,6550,962,4603,2135,3280,460,4492,1222,3270,2545,502,21,510,451,935,2454,1020
1621,443,223,220,3,35764,25542,3903,19176,8680,14102,2175,16588,5148,11440,10222,1728,21,1853,408,3585,8400,3314
1622,192,80,112,4,59077,38236,2666,30427,14009,19965,1461,28650,10379,18271,20841,1205,21,1625,581,4893,11217,6665
1623,757,384,373,5,2989,2309,284,1577,673,1247,140,1412,350,1062,680,144,21,270,362,548,768,407
1624,13158,7101,6057,6,15637,10294,1389,8373,3480,5730,811,7264,2700,4564,5343,578,21,354,1552,2069,3568,1786
1625,124,60,64,7,3186,2126,409,1688,718,1168,209,1498,540,958,1060,200,21,101,217,720,822,348
1626,92,56,36,8,11269,7742,747,5773,2749,4040,401,5496,1794,3702,3527,346,21,78,231,706,2601,1144
1627,3,2,1,9,1803,1322,330,953,422,724,187,850,252,598,481,143,21,58,39,297,481,194
1628,29050,15171,13879,10,65854,42297,2931,34155,15321,22470,1716,31699,11872,19827,23557,1215,21,4154,5466,7778,12924,8314
1629,27,18,9,11,1790,1266,238,968,441,701,126,822,257,565,524,112,21,43,20,434,378,176
1630,4,3,1,12,6521,4796,739,3386,1519,2543,400,3135,882,2253,1725,339,21,20,126,679,1633,727
1631,10947,5798,5149,13,21100,14798,1223,10842,5103,7813,739,10258,3273,6985,6302,484,21,154,404,1400,3946,2138
1632,3147,1720,1427,14,4832,3330,500,2533,1148,1807,275,2299,776,1523,1502,225,21,70,160,702,1161,568
1633,3530,1845,1685,15,117244,79296,4694,60266,28770,41648,2552,56978,19330,37648,37948,2142,21,4021,612,5031,21298,11655
1634,456,242,214,16,8768,6011,862,4439,2121,3119,465,4329,1437,2892,2757,397,21,123,386,1435,2161,873
1635,8857,4991,3866,17,28306,17572,1551,15279,6891,9970,878,13027,5425,7602,10734,673,21,150,1783,2347,6228,3329
1636,35,20,15,18,3679,2541,470,1903,865,1365,260,1776,600,1176,1138,210,21,58,182,835,968,372
1637,5813,3156,2657,19,134364,96737,11331,70761,31451,52267,6417,63603,19133,44470,37627,4914,21,2292,2276,10582,25612,12543
1638,960,520,440,20,7039,4679,431,3651,1636,2529,246,3388,1238,2150,2360,185,21,198,45,427,1415,812
1639,3,1,2,21,1326,921,119,698,301,502,66,628,209,419,405,53,21,10,15,189,339,127
1640,115,58,57,22,12230,8611,1249,6462,2898,4561,639,5768,1718,4050,3619,610,21,75,396,1822,2672,1360
1641,10,8,2,23,9344,6028,659,4743,2188,3117,358,4601,1690,2911,3316,301,21,123,712,1458,2075,1270
1642,15,8,7,24,902,693,217,483,206,381,119,419,107,312,209,98,21,31,17,234,263,89
1643,1998,1012,986,25,8558,6014,674,4391,1958,3149,343,4167,1302,2865,2544,331,21,112,203,816,2117,1002
1644,2424,1164,1260,26,14440,10366,1564,7586,3408,5536,836,6854,2024,4830,4074,728,21,124,90,1986,3058,1410
1645,57,27,30,27,3886,2830,657,2074,970,1582,366,1812,564,1248,1056,291,21,111,176,1061,1152,445
1646,2417,1227,1190,28,2624,1671,180,1341,621,867,94,1283,479,804,953,86,21,37,8,555,650,346
1647,2926,1572,1354,29,3637,2582,410,1933,864,1383,197,1704,505,1199,1055,213,21,14,42,660,878,421
1648,613,329,284,30,756,559,123,394,180,296,63,362,99,263,197,60,21,3,25,127,196,70
1649,11,3,8,31,2951,2048,368,1567,712,1114,206,1384,450,934,903,162,21,25,55,322,742,299
1650,101,56,45,32,1379,1016,233,684,324,509,124,695,188,507,363,109,21,41,40,332,384,125
1651,312,161,151,33,4885,3485,410,2561,1148,1844,215,2324,683,1641,1400,195,21,62,279,605,1115,589
1652,457,220,237,34,40949,28689,2056,20894,9595,15072,1113,20055,6438,13617,12260,943,21,2264,646,3097,7078,3489
1653,6936,3702,3234,35,20459,14261,1679,10872,4657,7666,915,9587,2992,6595,6198,764,21,652,132,1827,4333,1973
1654,12560,6647,5913,36,13942,8430,1063,7374,3357,4582,640,6568,2720,3848,5512,423,21,335,1196,2786,3118,1913
1655,139,76,63,37,2221,1677,527,1204,540,916,281,1017,256,761,544,246,21,7,52,287,686,200
1656,53,38,15,38,10101,6630,444,5121,2397,3415,219,4980,1765,3215,3471,225,21,542,235,542,2076,1222
1657,6309,3288,3021,39,9337,6392,792,4838,2195,3370,457,4499,1477,3022,2945,335,21,238,834,1395,2546,1149
1658,219,121,98,40,10179,6691,588,5164,2445,3472,306,5015,1796,3219,3488,282,21,491,291,872,2302,1273
1659,1937,990,947,41,112225,79763,4107,57887,26555,41418,2208,54338,15993,38345,32462,1899,21,354,58,3505,20071,7803
1660,9,3,6,42,3163,2292,529,1618,736,1197,288,1545,450,1095,871,241,21,250,110,803,851,316
1661,31434,16479,14955,43,47983,32376,4231,25067,11410,17259,2083,22916,7799,15117,15607,2148,21,1461,2187,4791,11037,6276
1662,116,72,44,44,15704,10686,1328,8318,3694,5760,676,7386,2460,4926,5018,652,21,58,582,1494,3584,1750
1663,176,70,106,45,46778,33102,3717,24654,11234,17845,2033,22124,6867,15257,13676,1684,21,324,1594,4203,10576,5251
1664,146,80,66,46,7752,4988,426,4034,1809,2670,255,3718,1400,2318,2764,171,21,109,84,797,1625,962
1665,49,17,32,47,20155,14240,2192,10469,4787,7472,1131,9686,2918,6768,5915,1061,21,460,293,2338,4546,1844
1666,290,137,153,48,20441,14194,1596,10715,4932,7611,850,9726,3143,6583,6247,746,21,71,328,1762,4105,1792
1667,10315,5422,4893,49,16569,9772,1067,8539,3860,5191,602,8030,3449,4581,6797,465,21,86,1149,2485,3709,2325
1668,4204,2366,1838,50,25978,15058,1530,13797,6073,8399,826,12181,5522,6659,10920,704,21,1190,2975,3045,4983,2856
1669,125,83,42,51,34415,24648,3483,17852,8206,13012,1884,16563,4927,11636,9767,1599,21,700,442,3519,8066,2990
1670,723,416,307,52,1137,870,218,638,253,490,122,499,119,380,267,96,21,7,32,231,348,146
1671,392,247,145,53,62028,42567,4134,31760,14929,22412,2211,30268,10113,20155,19461,1923,21,883,2015,5120,13999,6911
1672,4308,2265,2043,54,34196,21675,1643,17917,8279,11542,880,16279,6146,10133,12521,763,21,509,1179,2249,6884,4041
1673,10,3,7,55,4515,3143,592,2361,1052,1672,305,2154,683,1471,1372,287,21,171,101,1001,1173,541
1674,3,1,2,56,1362,1051,271,717,333,566,150,645,160,485,311,121,21,42,24,375,363,143
1675,353,181,172,57,7857,5244,641,4098,1878,2815,339,3759,1330,2429,2613,302,21,198,494,1084,1914,951
1676,974,508,466,58,20010,12112,1355,10210,4885,6356,733,9800,4044,5756,7898,622,21,253,1308,2478,4063,2486
1677,4,2,2,59,2221,1601,338,1177,544,858,197,1044,301,743,620,141,21,59,63,260,551,201
1678,189,115,74,60,7421,5038,501,3934,1745,2683,309,3487,1132,2355,2383,192,21,215,126,901,1491,762
1679,10917,5805,5112,61,12520,7514,734,6617,2786,4026,402,5903,2415,3488,5006,332,21,1188,1839,2924,3045,1890
1680,52,28,24,62,4879,3467,478,2497,1186,1824,242,2382,739,1643,1412,236,21,62,41,472,1159,469
1681,14,10,4,63,14974,10274,1062,7760,3551,5428,566,7214,2368,4846,4700,496,21,120,241,1426,3418,1764
1682,1175,607,568,64,16677,12137,1794,8322,4031,6129,897,8355,2347,6008,4540,897,21,1814,1346,2833,4092,1568
1683,57,33,24,65,20511,13381,1321,10825,4732,7241,768,9686,3546,6140,7130,553,21,49,251,1658,4484,2346
1684,17,11,6,66,5755,4252,924,3093,1341,2363,521,2662,773,1889,1503,403,21,126,73,768,1463,581
1685,97,55,42,67,16923,11147,1158,8776,4109,5909,623,8147,2909,5238,5776,535,21,24,342,1553,3649,1906
1686,5290,2729,2561,68,7611,5176,696,3893,1808,2704,349,3718,1246,2472,2435,347,21,199,476,1549,1951,1029
1687,139,70,69,69,24787,17573,2571,13108,5853,9488,1361,11679,3594,8085,7214,1210,21,134,444,3051,5551,2637
1688,3829,2165,1664,70,6317,4492,842,3469,1426,2571,467,2848,927,1921,1825,375,21,100,358,1095,1680,877
1689,22457,12004,10453,71,103509,70970,6816,54837,24440,39006,3897,48672,16708,31964,32539,2919,21,2150,2525,8001,21175,11145
1690,15988,8161,7827,72,18803,12479,1828,9600,4541,6523,911,9203,3247,5956,6324,917,21,1452,1018,2847,3989,2631
1691,18,16,2,73,8443,6106,895,4328,2017,3181,456,4115,1190,2925,2337,439,21,181,160,1249,2007,729
1692,1066,473,593,74,73771,51274,4220,38084,17796,26977,2252,35687,11390,24297,22497,1968,21,407,596,4840,14279,6434
1693,10525,5561,4964,75,12897,8228,711,6808,3149,4434,374,6089,2295,3794,4669,337,21,87,813,1078,3034,1837
1694,1528,776,752,76,25981,18132,2175,13392,6286,9404,1055,12589,3861,8728,7849,1120,21,391,773,3090,6806,3057
1695,4185,2148,2037,77,5186,3577,446,2651,1134,1872,237,2535,830,1705,1609,209,21,371,419,1088,1260,563
1696,10342,5178,5164,78,15096,9599,886,7593,3558,4918,469,7503,2822,4681,5497,417,21,136,663,1996,3737,2187
1697,44,24,20,79,5373,3680,432,2802,1269,1926,239,2571,817,1754,1693,193,21,133,81,507,1209,609
1698,2403,1275,1128,80,2562,1813,334,1354,619,990,174,1208,385,823,749,160,21,10,47,514,665,277
1699,65,39,26,81,3635,2589,496,1912,886,1398,270,1723,532,1191,1046,226,21,259,180,826,928,383
1700,79,47,32,82,8752,6121,836,4630,2006,3321,440,4122,1322,2800,2631,396,21,48,105,675,1891,974
1701,2323,1167,1156,83,24512,16644,2527,12575,5943,8617,1275,11937,3910,8027,7868,1252,21,577,1525,4246,5791,2892
1702,6306,3283,3023,84,6975,4711,601,3602,1673,2479,331,3373,1141,2232,2264,270,21,90,342,1027,1674,876
1703,479,257,222,85,77601,54830,6542,41260,18716,29903,3625,36341,11414,24927,22771,2917,21,1235,567,6911,15326,7142
1704,1135,557,578,86,12077,8321,1037,6363,3029,4382,513,5714,1775,3939,3756,524,21,1069,861,1503,2956,1490
1705,744,401,343,87,13120,9135,1364,6774,3152,4820,715,6346,2031,4315,3985,649,21,273,270,2013,3132,1429
1706,2561,1311,1250,88,4504,3197,500,2303,1096,1657,261,2201,661,1540,1307,239,21,93,194,693,1201,527
1707,6793,3530,3263,89,12818,8643,1112,6564,3032,4573,576,6254,2184,4070,4175,536,21,670,491,1373,3116,1504
1708,208,110,98,90,21253,14643,1254,11212,5037,7775,646,10041,3173,6868,6610,608,21,882,283,1729,3759,1827
1709,1112,596,516,91,10685,7772,968,5763,2525,4355,549,4922,1505,3417,2913,419,21,54,43,645,2206,889
1710,60,41,19,92,5192,3540,586,2630,1198,1836,307,2562,858,1704,1652,279,21,140,142,1148,1349,656
1711,41,21,20,93,7817,5388,850,3982,1715,2746,431,3835,1193,2642,2429,419,21,41,294,1228,1923,840
1712,819,420,399,94,33784,22300,2009,17398,8016,11969,1086,16386,6055,10331,11484,923,21,116,1000,2212,6841,3801
1713,6,4,2,95,469,338,40,228,129,168,18,241,71,170,131,22,21,2,4,87,123,60
1714,6,4,2,96,2826,1969,220,1427,685,1028,129,1399,458,941,857,91,21,10,96,237,679,332
1715,113,58,55,97,2333,1681,212,1228,540,904,131,1105,328,777,652,81,21,7,17,206,479,231
1716,357,202,155,98,6352,4464,708,3356,1556,2422,383,2996,954,2042,1888,325,21,116,245,767,1579,720
1717,60,30,30,99,19174,12836,1494,9953,4487,6758,839,9221,3143,6078,6338,655,21,251,1343,2008,4553,2351
1718,8117,4237,3880,100,9974,6501,816,5227,2351,3552,440,4747,1798,2949,3473,376,21,79,116,1807,2311,1430
1719,634,356,278,101,3294,2415,423,1746,816,1304,230,1548,437,1111,879,193,21,59,54,587,922,406
1720,1174,674,500,102,12442,8280,743,6572,2989,4497,424,5870,2087,3783,4162,319,21,36,25,927,2164,1121
1721,42,22,20,103,6259,4169,410,3277,1493,2211,243,2982,1024,1958,2090,167,21,93,400,734,1363,725
1722,57,39,18,104,30848,20123,1475,15710,7355,10381,815,15138,5396,9742,10725,660,21,122,529,2724,6298,3630
1723,219,105,114,105,4735,3267,558,2487,1113,1768,283,2248,749,1499,1468,275,21,50,95,454,1066,503
1724,1698,986,712,106,28220,18849,1651,14795,6697,10042,965,13425,4618,8807,9371,686,21,1281,333,2938,5525,3095
1725,10015,5200,4815,107,11517,7713,1192,5952,2740,4101,597,5565,1953,3612,3804,595,21,915,758,1839,2610,1510
1726,95,56,39,108,18239,12278,1167,9498,4445,6553,612,8741,3016,5725,5961,555,21,30,432,1306,3757,2057
1727,11021,6089,4932,109,22002,14543,1975,11742,5379,8020,1036,10260,3737,6523,7459,939,21,224,348,2505,5327,2904
1728,46,43,3,110,46233,30062,2674,23385,10962,15568,1391,22848,8354,14494,16171,1283,21,416,1989,4330,10088,5691
1729,6302,3345,2957,111,18102,13063,2067,9380,4195,6880,1065,8722,2539,6183,5039,1002,21,1500,1449,4029,4677,1923
1730,323,179,144,112,9623,6605,1235,5089,2309,3638,708,4534,1567,2967,3018,527,21,192,159,1503,2355,1087
1731,29,18,11,113,4322,3202,813,2227,1054,1697,438,2095,590,1505,1120,375,21,143,86,887,1202,375
1732,60999,31325,29674,114,1576259,1197050,115858,829525,371166,641071,66576,746734,190755,555979,379209,49282,21,12440,4743,60560,244151,103151
1733,54,27,27,115,50962,32834,2643,26178,11845,17327,1423,24784,9277,15507,18128,1220,21,659,766,4170,10782,6084
1734,328,186,142,116,22136,13488,1524,11436,5302,7120,848,10700,4332,6368,8648,676,21,1224,2286,2620,4480,2442
1735,65,42,23,117,14159,9814,851,7359,3351,5205,494,6800,2191,4609,4345,357,21,10,21,811,2755,1358
1736,82,47,35,118,27454,17536,1325,14045,6370,9118,665,13409,4991,8418,9918,660,21,121,319,2060,5531,3166
1737,4335,2196,2139,119,137290,103154,6623,69753,30802,53047,3877,67537,17430,50107,34136,2746,21,1853,291,3734,15206,7326
1738,1787,1023,764,120,5590,3653,325,2973,1291,2017,190,2617,981,1636,1937,135,21,87,228,837,1214,774
1739,4,2,2,121,1198,836,132,594,296,424,61,604,192,412,362,71,21,15,97,275,313,163
1740,99,45,54,122,10456,7245,822,5455,2438,3881,455,5001,1637,3364,3211,367,21,28,57,873,2112,975
1741,2406,1265,1141,123,3838,2626,368,1979,938,1357,181,1859,590,1269,1212,187,21,68,224,632,1003,463
1742,7616,4180,3436,124,15763,11257,1217,8328,3756,6109,687,7435,2287,5148,4506,530,21,33,258,1079,3205,1832
1743,61,41,20,125,8962,6477,626,4578,2205,3353,340,4384,1260,3124,2485,286,21,51,48,626,1569,687
1744,47,23,24,126,6265,4251,398,3296,1510,2309,230,2969,1027,1942,2014,168,21,146,123,701,1286,736
1745,1636,898,738,127,3441,2616,657,1831,838,1435,364,1610,429,1181,825,293,21,222,89,966,1078,353
1746,17,8,9,128,8692,5894,556,4435,2107,3086,275,4257,1449,2808,2798,281,21,23,307,683,1977,922
1747,10468,5499,4969,129,13159,9232,1121,6816,3050,4887,599,6343,1998,4345,3927,522,21,36,95,1117,3056,1528
1748,10,7,3,130,3362,2475,444,1817,787,1339,243,1545,409,1136,887,201,21,17,114,377,895,360
1749,8,5,3,131,856,587,87,411,221,287,50,445,145,300,269,37,21,9,29,198,232,139
1750,776,406,370,132,152051,107537,9063,79099,35998,57329,5030,72952,22744,50208,44514,4033,21,686,787,7163,28245,11811
1751,33,20,13,133,699,494,85,358,165,270,47,341,117,224,205,38,21,0,6,66,166,65
1752,85,50,35,134,20175,14423,1501,10314,4668,7544,747,9861,2982,6879,5752,754,21,16,136,1496,4076,1895
1753,3,1,2,135,477,378,143,250,117,201,70,227,50,177,99,73,21,5,8,157,171,50
1754,83,39,44,136,12341,8757,688,6408,2891,4589,362,5933,1765,4168,3584,326,21,23,30,594,1982,1093
1755,7,5,2,137,9972,6693,667,5182,2371,3509,356,4790,1606,3184,3279,311,21,31,219,1181,2361,1208
1756,0,0,0,138,11734,8076,1112,5946,2710,4208,568,5788,1920,3868,3658,544,21,0,0,0,0,0
1757,10,7,3,139,3534,2550,443,1845,886,1376,234,1689,515,1174,984,209,21,137,40,466,873,397
1758,1697,834,863,140,129032,93547,8516,67635,30706,50399,4963,61397,18249,43148,35485,3553,21,1994,771,7285,18847,8896
1759,14,8,6,141,3320,2409,501,1730,757,1302,254,1590,483,1107,911,247,21,67,49,376,839,340
1760,67,49,18,142,30303,20754,1978,15749,7184,10921,1126,14554,4721,9833,9549,852,21,185,1486,2033,6253,3454
1761,99,30,69,143,31355,21661,1832,16054,7208,11291,959,15301,4931,10370,9694,873,21,81,240,2313,6429,3207
1762,16,9,7,144,14810,9964,786,7580,3410,5181,409,7230,2447,4783,4846,377,21,440,105,725,2796,1427
1763,12160,6167,5993,145,14092,8760,1058,7148,3393,4526,569,6944,2710,4234,5332,489,21,1122,1972,3176,3287,1864
1764,448,234,214,146,756,594,160,382,170,306,90,374,86,288,162,70,21,1,14,164,245,87
1765,505,265,240,147,6289,4367,854,3326,1444,2365,465,2963,961,2002,1922,389,21,356,143,936,1617,678
1766,124,69,55,148,9236,6281,568,4860,2154,3367,322,4376,1462,2914,2955,246,21,876,92,868,1929,1042
1767,1991,1048,943,149,25228,16896,1225,13041,6006,8975,673,12187,4266,7921,8332,552,21,1315,603,1597,5147,3044
1768,348,179,169,150,7242,4971,892,3765,1763,2576,488,3477,1082,2395,2271,404,21,137,332,1412,1912,874
1769,56,33,23,151,8511,5947,581,4423,2089,3166,352,4088,1307,2781,2564,229,21,35,124,678,1701,890
1770,22,14,8,152,12226,8423,1094,6315,2967,4383,574,5911,1871,4040,3803,520,21,91,720,892,2690,1220
1771,86,40,46,153,21992,15094,1509,11345,5199,7929,803,10647,3482,7165,6898,706,21,250,609,2236,4857,2417
1772,231,106,125,154,77061,52348,3791,39928,18265,27866,2155,37133,12651,24482,24713,1636,21,1274,1375,5286,15983,8669
1773,460,240,220,155,5461,4070,715,2887,1291,2185,390,2574,689,1885,1391,325,21,356,68,876,1514,480
1774,29656,17053,12603,156,319375,226417,18485,169359,74339,123272,11242,150016,46871,103145,92958,7243,21,3245,2954,16735,56129,31038
1775,72,31,41,157,11156,7912,1560,5922,2643,4295,846,5234,1617,3617,3244,714,21,453,273,1498,2642,983
1776,915,464,451,158,6975,5138,947,3575,1654,2698,509,3400,960,2440,1837,438,21,765,564,1066,2038,766
1777,2622,1497,1125,159,3707,2881,733,2065,864,1650,389,1642,411,1231,826,344,21,52,41,770,1059,368
1778,8,5,3,160,3135,2273,372,1606,728,1179,197,1529,435,1094,862,175,21,67,75,403,758,273
1779,2029,1087,942,161,20580,14076,1264,10822,4874,7610,722,9758,3292,6466,6504,542,21,176,428,1485,4376,2035
1780,3101,1646,1455,162,3947,2738,384,2102,899,1479,198,1845,586,1259,1209,186,21,114,160,411,937,481
1781,2108,1147,961,163,17472,11714,1010,9013,4033,6204,554,8459,2949,5510,5758,456,21,421,72,1210,3327,1782
1782,269,124,145,164,80507,54122,4225,42348,18998,29133,2535,38159,13170,24989,26385,1690,21,806,1366,5623,15691,8111
1783,10,6,4,165,1124,735,99,575,238,378,43,549,192,357,389,56,21,2,79,123,220,120
1784,669,383,286,166,8492,6140,877,4513,2023,3366,463,3979,1205,2774,2352,414,21,22,112,899,1934,791
1785,10208,5374,4834,167,11622,7416,891,6059,2660,3985,491,5563,2132,3431,4206,400,21,385,1204,2053,2623,1400
1786,46,26,20,168,6793,4617,549,3489,1629,2429,265,3304,1116,2188,2176,284,21,515,522,851,1472,749
1787,1154,630,524,169,20598,14391,2125,10648,4745,7614,1134,9950,3173,6777,6207,991,21,1154,877,2962,5248,2483
1788,28,16,12,170,16892,11511,1386,8646,4031,5903,703,8246,2638,5608,5381,683,21,76,1124,1843,3993,1904
1789,11,10,1,171,3534,2542,254,1853,844,1359,145,1681,498,1183,992,109,21,11,38,353,881,383
1790,4877,2621,2256,172,28139,19683,2443,14586,6886,10386,1397,13553,4256,9297,8456,1046,21,646,1500,3857,7063,3283
1791,940,527,413,173,5869,4099,412,3183,1379,2321,239,2686,908,1778,1770,173,21,15,260,334,1242,527
1792,6821,3551,3270,174,97590,69810,6572,51672,22938,37785,3812,45918,13893,32025,27780,2760,21,322,1640,4948,19805,9672
1793,754,436,318,175,12783,8920,849,6687,2981,4769,470,6096,1945,4151,3863,379,21,26,92,1009,2668,1431
1794,78,34,44,176,8547,5993,687,4437,2015,3175,380,4110,1292,2818,2554,307,21,41,69,948,2152,851
1795,12919,6811,6108,177,52508,33211,2945,27399,12458,17994,1710,25109,9892,15217,19297,1235,21,1303,2571,4249,11358,6627
1796,2964,1525,1439,178,16496,11136,1739,8475,4022,5800,830,8021,2685,5336,5360,909,21,1207,1236,2640,4385,1978
1797,88,64,24,179,28953,19259,2130,14900,6984,10099,1126,14053,4893,9160,9694,1004,21,79,1008,2803,6451,3260
1798,123,71,52,180,40220,28007,2958,20380,9281,14498,1504,19840,6331,13509,12213,1454,21,72,234,3091,8332,4075
1799,26,10,16,181,7125,4736,453,3645,1671,2445,253,3480,1189,2291,2389,200,21,76,126,656,1406,783
1800,77,36,41,182,4957,3343,280,2613,1125,1789,175,2344,790,1554,1614,105,21,42,50,392,955,594
1801,11718,6090,5628,183,19982,12763,1197,10472,4635,6863,663,9510,3610,5900,7219,534,21,550,1183,3050,4673,2636
1802,2085,1120,965,184,6493,4355,543,3342,1523,2300,282,3151,1096,2055,2138,261,21,104,519,1139,1669,829
1803,60,37,23,185,8444,5918,698,4390,2014,3151,347,4054,1287,2767,2526,351,21,68,291,932,1885,785
1804,9497,5174,4323,186,53498,36405,4395,28505,12763,20011,2451,24993,8599,16394,17093,1944,21,465,1998,5032,12960,5254
1805,215,95,120,187,5345,3823,557,2699,1284,1951,278,2646,774,1872,1522,279,21,275,360,1215,1377,693
1806,2102,1129,973,188,17956,12566,1633,9361,4200,6706,834,8595,2735,5860,5390,799,21,213,775,2500,4323,2102
1807,156,81,75,189,21229,14635,1373,11079,5127,7819,734,10150,3334,6816,6594,639,21,124,458,1876,4646,2342
1808,29,17,12,190,1180,869,252,648,275,475,143,532,138,394,311,109,21,34,24,351,383,115
1809,139,72,67,191,9150,6516,1110,4907,2238,3613,601,4243,1340,2903,2634,509,21,489,171,1227,2051,893
1810,3207,1619,1588,192,6314,4738,782,3217,1449,2472,404,3097,831,2266,1576,378,21,98,115,950,1643,724
1811,3,2,1,193,7126,4934,738,3617,1650,2557,411,3509,1132,2377,2192,327,21,346,858,1342,1777,959
1812,1265,646,619,194,29090,20460,2404,15242,6857,10968,1228,13848,4356,9492,8630,1176,21,1499,495,2783,6615,3230
1813,7732,4120,3612,195,24660,15594,1735,12900,5880,8320,978,11760,4486,7274,9066,757,21,1372,3490,3986,5322,3004
1814,742,414,328,196,1513,1131,295,814,358,635,162,699,203,496,382,133,21,25,34,362,454,152
1815,3883,1984,1899,197,81455,56149,5839,42698,19200,30017,3119,38757,12625,26132,25306,2720,21,2457,976,7150,17997,9791
1816,11,7,4,198,1177,844,139,618,288,455,68,559,170,389,333,71,21,194,11,261,289,137
1817,342,193,149,199,39959,25581,1905,21153,9556,13887,1064,18806,7112,11694,14378,841,21,304,1116,3121,8557,4819
1818,1080,569,511,200,3357,2389,453,1782,770,1328,250,1575,514,1061,968,203,21,56,369,795,957,358
1819,52,35,17,201,3301,2295,350,1804,764,1304,198,1497,506,991,1006,152,21,8,11,387,799,338
1820,9554,5095,4459,202,12740,8379,1003,6702,3097,4575,572,6038,2234,3804,4361,431,21,246,823,1530,3141,1793
1821,25,17,8,203,6336,4217,535,3343,1479,2320,307,2993,1096,1897,2119,228,21,67,233,698,1534,811
1822,4020,2170,1850,204,7943,5484,578,4250,1821,3002,316,3693,1211,2482,2459,262,21,33,283,608,1793,961
1823,205,131,74,205,25057,16132,1135,12950,5924,8548,659,12107,4523,7584,8925,476,21,629,658,2100,5807,3163
1824,42,22,20,206,4396,3092,508,2316,1073,1652,272,2080,640,1440,1304,236,21,206,136,883,1208,501
1825,19751,10628,9123,207,55299,37452,3699,29403,13269,20616,2083,25896,9060,16836,17847,1616,21,686,2014,5058,12559,6192
1826,9873,5424,4449,208,82457,56976,6269,43555,20327,30953,3614,38902,12879,26023,25481,2655,21,1316,2410,5406,17881,8455
1827,1106,622,484,209,8495,5990,831,4563,2025,3356,485,3932,1298,2634,2505,346,21,206,264,1492,1907,929
1828,3821,1945,1876,210,5469,3858,586,2790,1256,1998,289,2679,819,1860,1611,297,21,67,53,629,1245,606
1829,919,546,373,211,16173,11535,1167,8815,3939,6449,669,7358,2272,5086,4638,498,21,20,370,958,3499,1458
1830,8231,4638,3593,212,19050,12687,1613,10222,4438,7081,1035,8828,3222,5606,6363,578,21,206,1735,3243,4751,2415
1831,4623,2369,2254,213,13320,8980,979,6923,3088,4714,462,6397,2131,4266,4340,517,21,683,977,1894,3285,1556
1832,7600,3995,3605,214,16817,11801,1073,8803,3937,6234,566,8014,2447,5567,5016,507,21,38,72,1132,3433,1780
1833,4278,2186,2092,215,4902,3692,473,2506,1142,1904,234,2396,608,1788,1210,239,21,10,20,496,1202,459
1834,1588,865,723,216,2442,1691,287,1317,568,930,147,1125,364,761,751,140,21,23,101,370,677,313
1835,16617,8648,7969,217,18278,11361,1488,9498,4385,6095,877,8780,3514,5266,6917,611,21,581,1874,2975,4186,2252
1836,12069,6351,5718,1,61259,41083,4381,31773,14370,21928,2564,29486,10331,19155,20176,1817,22,438,3409,5802,13682,5709
1837,31,23,8,2,25623,16670,2197,13142,6463,8691,1148,12481,4502,7979,8953,1049,22,1039,1191,4309,5796,2800
1838,89,42,47,3,13307,9315,1679,6889,3114,4939,809,6418,2042,4376,3992,870,22,339,176,1437,3286,1076
1839,1846,918,928,4,69549,46833,4303,36683,16196,25065,2395,32866,11098,21768,22716,1908,22,977,3641,5863,14370,7015
1840,139,49,90,5,62667,42161,3206,31495,15022,21653,1745,31172,10664,20508,20506,1461,22,275,1894,3777,13343,7108
1841,697,355,342,6,181684,134306,9515,93998,44179,69859,5201,87686,23239,64447,47378,4314,22,1135,252,3618,18675,7366
1842,283,159,124,7,40572,28112,2234,21181,9782,14991,1268,19391,6270,13121,12460,966,22,699,350,2176,8235,3686
1843,39,18,21,8,38295,25290,2056,20385,9021,13879,1061,17910,6499,11411,13005,995,22,309,848,2300,8385,3636
1844,276,134,142,9,26902,18562,2539,14354,6595,10268,1287,12548,4254,8294,8340,1252,22,1177,624,2689,5989,2251
1845,36,18,18,10,17947,12521,1967,9448,4504,6770,987,8499,2748,5751,5426,980,22,1348,713,3053,4698,1575
1846,761,259,502,11,156275,107620,5617,77929,36910,54103,2879,78346,24829,53517,48655,2738,22,2177,673,4537,30323,13996
1847,199,74,125,12,68313,47621,3479,35026,16095,24656,1853,33287,10322,22965,20692,1626,22,115,632,3070,14293,6189
1848,64,44,20,13,20144,13538,1780,10328,5070,7004,964,9816,3282,6534,6606,816,22,660,786,2802,4600,2096
1849,6653,2936,3717,14,878931,657855,51552,447324,211425,340710,28200,431607,114462,317145,221076,23352,22,4343,2893,20508,111373,46233
1850,58,28,30,15,9480,6369,651,5066,2347,3480,372,4414,1525,2889,3111,279,22,138,189,673,2032,809
1851,1559,730,829,16,268408,195033,15500,138914,63121,103370,8261,129494,37831,91663,73375,7239,22,1035,2280,10482,50223,18820
1852,307,135,172,17,70742,50769,4423,36419,17258,26534,2485,34323,10088,24235,19973,1938,22,295,479,3099,13344,6068
1853,7229,3771,3458,18,28274,19007,1646,14582,6712,10003,901,13692,4688,9004,9267,745,22,353,1359,2243,5982,3209
1854,9560,4408,5152,1,86415,62103,3962,43838,20489,31428,1921,42577,11902,30675,24312,2041,23,579,113,2529,13095,10190
1855,51403,25622,25781,2,81742,54543,4492,41200,19359,27531,2070,40542,13530,27012,27199,2422,23,397,4389,7777,17564,10939
1856,2550,1091,1459,3,19495,14082,987,9324,4733,6664,450,10171,2753,7418,5413,537,23,530,159,787,3983,2771
1857,17595,8615,8980,4,224080,166244,13497,115445,52833,86713,6516,108635,29104,79531,57836,6981,23,916,942,7537,41073,21949
1858,76398,35710,40688,5,743626,546713,25530,372868,178887,275257,13364,370758,99302,271456,196913,12166,23,6755,1023,10673,119130,73806
1859,19016,8926,10090,6,37502,25277,2343,18308,9079,12305,997,19194,6222,12972,12225,1346,23,392,1792,4019,8958,5237
1860,12021,5779,6242,7,27243,18657,1616,13412,6468,9245,743,13831,4419,9412,8586,873,23,306,1359,2728,6443,3859
1861,27412,11077,16335,8,209634,153637,4288,100410,50746,72801,2153,109224,28388,80836,55997,2135,23,1186,430,3941,46068,24859
1862,10424,4671,5753,9,32714,23359,830,15589,7823,10965,362,17125,4731,12394,9355,468,23,87,299,1131,6510,4218
1863,9813,4780,5033,10,39111,26865,2594,19630,9672,13450,1110,19481,6066,13415,12246,1484,23,291,653,4385,9078,5235
1864,16,8,8,1,18369,12492,1812,9702,4392,6807,963,8667,2982,5685,5877,849,24,510,576,1509,4102,1665
1865,171,71,100,2,8296,5906,1194,4248,2007,3051,528,4048,1193,2855,2390,666,24,834,1204,1400,2212,651
1866,32687,16465,16222,3,48772,30829,3679,24355,11853,15595,1712,24417,9183,15234,17943,1967,24,5404,6252,9412,11972,6203
1867,2,1,1,4,4064,3046,730,2066,952,1537,371,1998,489,1509,1018,359,24,174,204,563,1129,312
1868,190,95,95,5,18491,13569,2492,9672,4451,7252,1270,8819,2502,6317,4922,1222,24,418,859,1504,4728,1346
1869,24,9,15,6,9705,6756,1091,4795,2330,3361,546,4910,1515,3395,2949,545,24,596,258,1797,2525,929
1870,74,38,36,7,19176,13356,1774,9898,4700,7004,905,9278,2926,6352,5820,869,24,285,479,1201,3677,1590
1871,49,15,34,8,21288,15272,2690,11011,5044,8042,1459,10277,3047,7230,6016,1231,24,517,1002,1583,4533,1487
1872,25,8,17,9,4535,3253,340,2254,1063,1617,166,2281,645,1636,1282,174,24,83,69,222,887,322
1873,115,60,55,10,32867,22682,3666,16511,7971,11612,1762,16356,5286,11070,10185,1904,24,2471,3108,4496,7609,2922
1874,197,68,129,11,45385,32013,3909,23456,11025,16816,2007,21929,6732,15197,13372,1902,24,436,1509,3242,9545,3782
1875,13804,7059,6745,12,20550,14091,2186,10563,4838,7394,1101,9987,3290,6697,6459,1085,24,2091,2856,3101,4771,2305
1876,14371,7468,6903,13,177022,130607,14522,92188,41497,69453,7515,84834,23680,61154,46415,7007,24,2138,6745,8384,34962,15074
1877,11503,5732,5771,14,15184,10720,1958,7557,3592,5351,960,7627,2258,5369,4464,998,24,1607,1890,2454,3987,1450
1878,28,16,12,15,20839,15010,2052,10627,5149,7785,1054,10212,2987,7225,5829,998,24,1086,996,1911,4770,1504
1879,3588,1834,1754,16,43569,30805,3884,22262,10431,16054,2016,21307,6556,14751,12764,1868,24,1298,1996,2164,9931,4491
1880,34,9,25,17,26340,18520,3507,13165,6283,9239,1666,13175,3894,9281,7820,1841,24,3609,3102,4535,6558,2263
1881,8924,4590,4334,18,15828,11144,1458,8102,3854,5790,774,7726,2372,5354,4684,684,24,1348,1328,2338,3794,1700
1882,62,44,18,19,5462,4077,1037,2769,1300,2098,493,2693,714,1979,1385,544,24,302,243,1043,1596,471
1883,240,84,156,20,99015,69891,6859,51293,23683,36662,3556,47722,14493,33229,29124,3303,24,2215,2441,3874,16508,6274
1884,67,46,21,21,57184,39591,4514,29764,13781,21084,2383,27420,8913,18507,17593,2131,24,1372,2957,4827,11999,4392
1885,28,15,13,22,19539,13548,2088,10244,4707,7274,1052,9295,3021,6274,5991,1036,24,952,1195,2117,4723,1849
1886,1000,506,494,23,15279,11029,2331,7928,3677,5782,1110,7351,2104,5247,4250,1221,24,1033,887,1857,3661,1285
1887,222,87,135,24,94191,67804,9938,48696,22719,35608,5006,45495,13299,32196,26387,4932,24,2821,2696,6221,19805,7336
1888,27,5,22,25,31794,21271,2340,16541,7591,11410,1185,15253,5392,9861,10523,1155,24,1061,827,2160,6899,2628
1889,7728,3807,3921,26,9361,6403,792,4655,2232,3227,399,4706,1530,3176,2958,393,24,694,1557,1993,2220,923
1890,19,10,9,27,10257,7434,1598,5270,2436,3826,776,4987,1379,3608,2823,822,24,236,404,844,2494,847
1891,5900,2599,3301,28,824229,616072,60958,428406,194440,325526,35101,395823,105277,290546,208157,25857,24,6009,2591,29178,115086,35875
1892,8178,4111,4067,29,21176,15182,2859,10709,5182,7796,1370,10467,3081,7386,5994,1489,24,2324,1621,3266,5415,1750
1893,7,2,5,30,5176,3994,1057,2696,1280,2111,513,2480,597,1883,1182,544,24,205,113,1145,1519,241
1894,6868,3667,3201,31,11791,7335,970,6139,2897,3929,457,5652,2246,3406,4456,513,24,1429,1899,2542,2694,1446
1895,33,21,12,32,39859,27813,3672,20917,9540,14920,1923,18942,6049,12893,12046,1749,24,1779,1715,3803,8793,3021
1896,8,6,2,33,12210,8714,1420,6156,2975,4462,684,6054,1802,4252,3496,736,24,254,321,1983,3108,973
1897,3322,1652,1670,34,14700,10658,1422,7388,3498,5442,660,7312,2096,5216,4042,762,24,764,1150,1468,3720,1472
1898,1009,430,579,35,309342,221156,14887,159745,72518,115880,8064,149597,44321,105276,88186,6823,24,666,353,9731,50144,15163
1899,3247,1618,1629,36,30087,21278,3192,15012,7279,10734,1523,15075,4531,10544,8809,1669,24,2148,1599,4442,7613,2983
1900,40090,20272,19818,37,92291,63003,8075,47020,22126,32660,3973,45271,14928,30343,29288,4102,24,4498,5020,10551,20800,9537
1901,6130,2982,3148,38,15382,11168,1982,7634,3660,5572,896,7748,2152,5596,4214,1086,24,1506,1232,3292,3906,1222
1902,8992,4610,4382,39,15598,10730,1526,7934,3742,5530,756,7664,2464,5200,4868,770,24,874,2198,2000,3688,1440
1903,4281,2100,2181,40,38751,27154,3268,19690,9667,13936,1562,19061,5843,13218,11597,1706,24,744,2414,2280,9226,3864
1904,15355,7646,7709,41,19750,13315,1751,9835,4715,6671,883,9915,3271,6644,6435,868,24,484,3688,3776,4903,2435
1905,1716,936,780,42,15120,10934,1710,7782,3604,5722,878,7338,2126,5212,4186,832,24,188,780,796,3350,1254
1906,14,3,11,43,9383,6511,1113,5012,2290,3614,630,4371,1474,2897,2872,483,24,221,202,861,2165,867
1907,14,8,6,44,7629,5146,692,3820,1759,2571,345,3809,1234,2575,2483,347,24,713,506,1091,1787,787
1908,38,12,26,45,14486,10368,1708,7378,3570,5434,884,7108,2174,4934,4118,824,24,442,528,1388,3578,1174
1909,13,5,8,46,17888,12002,1381,9156,4339,6167,686,8732,2897,5835,5886,695,24,728,1259,1424,4080,1517
1910,39,20,19,47,9671,6900,1397,4881,2307,3456,676,4790,1346,3444,2771,721,24,961,1202,1698,2525,813
1911,3,3,0,48,5227,3748,470,2631,1248,1908,241,2596,756,1840,1479,229,24,170,238,336,1012,392
1912,87,42,45,49,37184,24823,2953,19291,8989,13120,1463,17893,6190,11703,12361,1490,24,975,1299,4244,8778,3566
1913,35,11,24,50,49385,33191,2999,24982,12006,16833,1522,24403,8045,16358,16194,1477,24,807,1557,3500,10161,4378
1914,24,10,14,51,14830,10740,1982,7502,3524,5466,966,7328,2054,5274,4090,1016,24,278,786,1554,3686,1060
1915,14,7,7,52,10048,7382,1617,5061,2479,3710,785,4987,1315,3672,2666,832,24,273,1278,1423,2733,766
1916,19786,9921,9865,53,37645,26120,3659,19208,9016,13462,1860,18437,5779,12658,11525,1799,24,1032,4072,4089,8829,3396
1917,19776,9978,9798,54,52062,33835,4943,26785,12809,17728,2339,25277,9170,16107,18227,2604,24,4162,1942,6511,11919,5634
1918,28,20,8,55,26236,17708,1713,13442,6173,9124,894,12794,4210,8584,8528,819,24,911,807,2294,5454,2166
1919,18,10,8,56,15258,10392,1142,7726,3526,5338,528,7532,2478,5054,4866,614,24,280,828,1106,3438,1524
1920,17828,8890,8938,57,31109,20002,2467,15718,7459,10290,1214,15391,5679,9712,11107,1253,24,1546,2087,4008,7035,3338
1921,79,32,47,58,21955,15473,1747,11047,5477,7843,855,10908,3278,7630,6482,892,24,190,493,1988,5485,2245
1922,6766,3273,3493,1,449215,330212,33330,230862,109024,170899,17454,218353,59040,159313,119003,15876,25,2501,5775,9732,76427,38090
1923,103,39,64,2,47207,35518,5428,23530,11504,17864,2666,23677,6023,17654,11689,2762,25,309,754,1810,11024,3966
1924,23,17,6,3,31821,22083,3060,15337,7527,10616,1449,16484,5017,11467,9738,1611,25,948,2904,3995,7768,3210
1925,34,14,20,4,27157,19682,3073,13558,6606,9841,1476,13599,3758,9841,7475,1597,25,203,581,2108,6382,2663
1926,28,12,16,5,16292,11170,1354,8006,3865,5485,654,8286,2601,5685,5122,700,25,333,448,1472,3409,1526
1927,3987,1664,2323,6,905265,662434,56109,464361,214067,344965,30871,440904,123435,317469,242831,25238,25,4034,6251,15951,132947,66675
1928,1168,549,619,7,33027,23008,3269,16307,7812,11416,1537,16720,5128,11592,10019,1732,25,1539,2170,1826,7919,3258
1929,3715,1385,2330,8,53856,37203,3279,26004,12957,17787,1500,27852,8436,19416,16653,1779,25,382,702,2450,12263,6667
1930,2428,1115,1313,9,59436,41932,4686,29205,13991,20911,2311,30231,9210,21021,17504,2375,25,1363,603,3270,11896,6221
1931,5751,2712,3039,10,100459,72789,10123,50282,24336,36928,5159,50177,14316,35861,27670,4964,25,1577,5857,4858,22427,9946
1932,3429,1467,1962,11,295353,217048,25987,149339,72900,110897,13456,146014,39863,106151,78305,12531,25,4083,5565,8704,59082,26316
1933,2410,1134,1276,12,502547,375060,35793,255119,119381,194140,19287,247428,66508,180920,127487,16506,25,1399,1503,15247,82050,40822
1934,854,99,755,13,45351,33899,5993,22103,10788,16341,2927,23248,5690,17558,11452,3066,25,1679,1205,2732,11138,4470
1935,285,151,134,14,53773,39155,5701,26584,12854,19386,2768,27189,7420,19769,14618,2933,25,665,1120,3690,11901,5205
1936,214,107,107,15,81109,59104,7241,41862,19855,30927,3799,39247,11070,28177,22005,3442,25,256,417,2366,15607,6911
1937,150,72,78,16,21442,15583,2705,10332,5027,7576,1254,11110,3103,8007,5859,1451,25,301,574,1956,5382,2160
1938,1185,552,633,17,88659,63267,9417,44068,21349,31436,4503,44591,12760,31831,25392,4914,25,1833,2995,4689,20381,8458
1939,6742,2899,3843,18,154352,111011,10666,75377,37764,54210,5387,78975,22174,56801,43341,5279,25,1561,5280,4740,32933,17258
1940,2,0,2,1,2756,2016,318,1320,659,985,155,1436,405,1031,740,163,26,10,17,113,595,229
1941,435,130,305,2,82918,57745,3785,41211,19979,28943,2003,41707,12905,28802,25173,1782,26,286,197,1792,12353,6733
1942,1637,768,869,3,25694,18826,2949,12487,5977,9106,1437,13207,3487,9720,6868,1512,26,568,2730,1699,6039,2544
1943,41,17,24,4,9578,6444,580,4872,2229,3305,287,4706,1567,3139,3134,293,26,62,113,183,1708,899
1944,1,1,0,5,1163,897,173,573,314,439,83,590,132,458,266,90,26,1,18,150,308,82
1945,2,1,1,6,2677,2025,392,1311,662,980,180,1366,321,1045,652,212,26,3,10,131,693,163
1946,1,0,1,7,582,440,108,289,149,220,50,293,73,220,142,58,26,1,2,19,162,28
1947,2,0,2,8,1083,786,160,512,267,375,84,571,160,411,297,76,26,4,10,40,348,74
1948,1,0,1,9,802,638,153,375,179,294,72,427,83,344,164,81,26,3,11,119,192,59
1949,2,1,1,10,1367,1020,142,666,342,489,76,701,170,531,347,66,26,6,56,87,338,101
1950,1,1,0,11,1554,1193,247,783,367,603,121,771,181,590,361,126,26,5,5,75,514,81
1951,1956,935,1021,12,23053,16804,1959,11459,5529,8377,987,11594,3167,8427,6249,972,26,204,1007,819,5055,2306
1952,1,0,1,13,1612,1189,217,805,370,575,106,807,193,614,423,111,26,2,3,80,400,105
1953,1,1,0,14,3312,2482,455,1596,811,1198,229,1716,432,1284,830,226,26,8,14,224,901,245
1954,0,0,0,15,1457,1012,168,686,359,483,79,771,242,529,445,89,26,6,11,73,423,98
1955,15,4,11,16,5233,3853,580,2694,1214,1978,336,2539,664,1875,1380,244,26,37,76,284,1025,331
1956,913,309,604,17,85631,60674,5077,42667,20314,30214,2775,42964,12504,30460,24957,2302,26,368,1883,2074,14946,7738
1957,3242,1142,2100,18,433050,325039,33446,222365,105354,168494,17790,210685,54140,156545,108011,15656,26,1699,2486,11532,78945,32077
1958,128,38,90,19,35892,25635,2465,18133,8658,13096,1376,17759,5220,12539,10257,1089,26,27,72,938,4185,2295
1959,24,8,16,20,4840,3451,402,2372,1157,1674,197,2468,691,1777,1389,205,26,18,81,125,1111,417
1960,6,0,6,21,2076,1612,262,930,517,685,113,1146,219,927,464,149,26,20,53,112,688,162
1961,0,0,0,22,965,728,117,431,228,318,49,534,124,410,237,68,26,15,16,39,289,70
1962,7,4,3,23,6109,4525,718,3076,1509,2290,361,3033,798,2235,1584,357,26,17,42,328,1318,356
1963,3,1,2,24,717,552,120,353,184,279,63,364,91,273,165,57,26,3,7,49,224,51
1964,292,103,189,25,56177,40769,4362,27994,13150,20568,2328,28183,7982,20201,15408,2034,26,444,666,2004,10695,4716
1965,8705,4092,4613,26,63216,45535,5662,31114,15085,22836,2774,32102,9403,22699,17681,2888,26,809,7796,4404,13232,7173
1966,125,58,67,27,8666,5814,458,4302,2078,2907,230,4364,1457,2907,2852,228,26,24,79,203,1498,539
1967,3,1,2,28,1064,768,148,530,254,380,80,534,146,388,296,68,26,1,0,39,290,45
1968,14144,6778,7366,29,158046,116101,12468,79612,38392,58980,6636,78434,21313,57121,41945,5832,26,1009,5299,5374,25928,12588
1969,8517,3636,4881,30,884273,648742,48996,450627,216755,333754,26470,433646,118658,314988,235531,22526,26,4593,6995,14367,119370,61410
1970,4,0,4,31,1231,915,148,593,306,446,71,638,169,469,316,77,26,6,25,89,395,78
1971,1,0,1,32,890,679,137,411,208,318,69,479,118,361,211,68,26,0,1,63,190,37
1972,7809,3539,4270,33,80524,59693,7987,40339,18781,29784,4124,40185,10276,29909,20831,3863,26,1470,5850,4506,16475,8216
1973,0,0,0,34,927,738,163,455,236,359,78,472,93,379,189,85,26,0,0,60,220,42
1974,150,64,86,35,12812,8878,897,6381,3131,4529,434,6431,2082,4349,3934,463,26,78,124,412,2301,1038
1975,148,37,111,36,31180,22579,2298,15642,7433,11557,1229,15538,4516,11022,8601,1069,26,50,126,830,4913,2013
1976,3,1,2,37,1237,985,194,564,265,437,85,673,125,548,252,109,26,6,9,78,347,66
1977,10,1,9,38,4967,3681,410,2528,1234,1890,230,2439,648,1791,1286,180,26,2,7,163,763,268
1978,25,12,13,39,6160,4107,371,3085,1578,2114,186,3075,1082,1993,2053,185,26,18,20,188,998,440
1979,2,0,2,40,2019,1448,265,968,467,689,129,1051,292,759,571,136,26,7,52,186,562,147
1980,102,34,68,41,13843,9572,703,6967,3181,4819,344,6876,2123,4753,4271,359,26,48,66,301,1753,992
1981,7758,3681,4077,42,163650,120233,14349,83864,39091,62264,7818,79786,21817,57969,43417,6531,26,1542,9339,6272,31948,14803
1982,2382,1087,1295,43,233952,163014,9084,117958,56720,82138,4710,115994,35118,80876,70938,4374,26,5989,518,4521,31121,17814
1983,4,2,2,44,468,363,54,214,122,157,30,254,48,206,105,24,26,4,8,20,120,43
1984,9,6,3,45,2643,1966,366,1239,663,923,180,1404,361,1043,677,186,26,43,90,230,715,223
1985,0,0,0,46,372,293,64,206,94,156,33,166,29,137,79,31,26,2,0,11,94,18
1986,256,134,122,47,9514,6968,725,4655,2256,3415,352,4859,1306,3553,2546,373,26,81,128,301,1827,696
1987,1174,485,689,48,62177,42838,2845,30658,14460,21300,1460,31519,9981,21538,19339,1385,26,239,303,1232,9649,4865
1988,204,99,105,49,2839,2106,403,1325,693,973,168,1514,381,1133,733,235,26,138,202,250,855,281
1989,2,0,2,50,1444,1140,287,692,339,549,140,752,161,591,304,147,26,8,23,134,458,103
1990,9,7,2,51,5025,3719,714,2394,1212,1774,345,2631,686,1945,1306,369,26,47,174,500,1394,475
1991,5,2,3,52,5626,4191,727,2687,1351,2036,339,2939,784,2155,1435,388,26,39,77,468,1394,389
1992,0,0,0,53,407,296,69,198,104,156,30,209,69,140,111,39,26,2,1,25,120,30
1993,3,1,2,54,557,399,42,254,149,171,14,303,75,228,158,28,26,26,7,12,153,65
1994,1148,450,698,55,192739,136689,11767,96385,46136,68938,6029,96354,28603,67751,56050,5738,26,935,3218,6122,30765,15915
1995,1942,880,1062,56,9081,6025,381,4341,2073,2802,168,4740,1517,3223,3056,213,26,64,213,427,2086,1187
1996,0,0,0,57,1481,1180,266,678,368,549,120,803,172,631,301,146,26,1,24,119,439,65
1997,45,17,28,58,16248,11693,1347,8232,3938,6048,732,8016,2371,5645,4555,615,26,58,156,524,2726,1069
1998,2,1,1,59,1768,1184,135,908,385,608,66,860,284,576,584,69,26,1,4,47,388,123
1999,6,4,2,60,1567,1122,170,743,363,534,82,824,236,588,445,88,26,10,21,56,436,117
2000,1,0,1,61,1420,1071,233,656,351,480,105,764,173,591,349,128,26,6,43,220,446,121
2001,4,1,3,62,1142,833,145,517,287,388,58,625,180,445,309,87,26,4,4,35,298,103
2002,0,0,0,63,1230,954,215,595,316,455,107,635,136,499,276,108,26,1,8,96,296,60
2003,5,2,3,64,1577,1187,200,701,365,523,78,876,212,664,390,122,26,30,48,71,428,135
2004,3,0,3,65,1193,876,173,584,303,429,85,609,162,447,317,88,26,17,28,41,343,74
2005,5,1,4,66,8704,6838,1306,4217,2127,3308,640,4487,957,3530,1866,666,26,21,69,480,2211,554
2006,1,1,0,67,1523,1175,201,722,342,558,88,801,184,617,348,113,26,4,32,101,360,62
2007,0,0,0,68,1181,932,216,539,313,424,99,642,134,508,249,117,26,13,9,70,343,51
2008,409,213,196,69,6012,4174,582,2988,1453,2071,287,3024,921,2103,1838,295,26,72,534,406,1545,570
2009,0,0,0,70,16931,11151,917,8634,4017,5697,481,8297,2843,5454,5780,436,26,0,0,0,0,0
2010,855,373,482,71,21957,16133,1966,10969,5241,8081,988,10988,2936,8052,5824,978,26,48,648,770,4389,2321
2011,1214,566,648,72,14549,10435,1152,7080,3541,5105,552,7469,2139,5330,4114,600,26,278,1277,598,3346,1704
2012,946,370,576,1,60516,42591,4660,30415,14983,21577,2268,30101,9087,21014,17925,2392,27,2106,721,6381,15859,6845
2013,1181,503,678,2,258554,180328,16297,132926,61420,93825,7951,125628,39125,86503,78226,8346,27,10463,2275,16441,55073,23329
2014,4207,1922,2285,3,110130,74472,6755,55553,26689,38123,3224,54577,18228,36349,35658,3531,27,8858,1397,9374,25996,11407
2015,15854,7930,7924,4,684847,512738,39795,350848,160796,268331,21347,333999,89592,244407,172109,18448,27,2333,802,19206,125956,55561
2016,546,287,259,5,201654,143554,12915,103035,47386,74635,6757,98619,29700,68919,58100,6158,27,3846,2245,10703,44348,17485
2017,405,162,243,6,138504,95347,8154,71044,33316,49359,4145,67460,21472,45988,43157,4009,27,6266,1092,8275,32204,13688
2018,232,113,119,7,30637,22129,2292,16075,7461,11743,1289,14562,4176,10386,8508,1003,27,151,111,1174,7072,3130
2019,1031,431,600,8,188792,128844,10917,96499,45254,66681,5346,92293,30130,62163,59948,5571,27,11910,1882,11520,41704,18026
2020,144,72,72,9,38231,28034,2980,19198,8821,14272,1430,19033,5271,13762,10197,1550,27,1130,447,2840,9463,3693
2021,1065,569,496,10,87249,61157,5256,43959,20538,31314,2656,43290,13447,29843,26092,2600,27,1910,639,5261,19233,7328
2022,620,274,346,11,30567,21934,2564,15440,6990,11195,1191,15127,4388,10739,8633,1373,27,623,312,4394,8054,3665
2023,5252,2530,2722,12,165729,118517,11652,85105,39342,61709,6131,80624,23816,56808,47212,5521,27,6869,1389,13409,37519,16520
2024,13668,6735,6933,13,138366,98275,5945,70722,32704,50771,3195,67644,20140,47504,40091,2750,27,1018,654,5210,27646,12135
2025,244,140,104,14,94375,68268,5308,47505,22232,34716,2866,46870,13318,33552,26107,2442,27,1651,194,3666,19071,7026
2026,12226,5996,6230,15,48784,34517,3407,24272,11623,17480,1612,24512,7475,17037,14267,1795,27,1314,784,6415,11715,5722
2027,669,251,418,16,58523,42107,3714,30100,14181,21962,1817,28423,8278,20145,16416,1897,27,1525,468,3769,13577,6448
2028,3299,1577,1722,17,59814,42249,4590,30984,14403,22342,2230,28830,8923,19907,17565,2360,27,1616,615,5496,14559,6477
2029,27,9,18,1,12100,8871,1482,6071,2991,4481,708,6029,1639,4390,3229,774,28,138,329,562,3234,1105
2030,170,73,97,2,29183,21336,3089,14540,6949,10780,1466,14643,4087,10556,7847,1623,28,679,2063,1850,7919,2613
2031,3102,1546,1556,3,235066,167686,10964,118949,53990,85154,5610,116117,33585,82532,67380,5354,28,1500,4391,6869,43648,21021
2032,25,16,9,4,9902,7382,1139,4959,2372,3738,534,4943,1299,3644,2520,605,28,269,1035,771,2589,1009
2033,5,4,1,5,4428,3415,678,2151,1098,1646,303,2277,508,1769,1013,375,28,225,590,524,1297,348
2034,7,4,3,6,8062,5528,1016,3856,2027,2598,483,4206,1276,2930,2534,533,28,922,1412,1256,1814,813
2035,31,13,18,7,15762,11321,1313,7876,3841,5632,639,7886,2197,5689,4441,674,28,52,223,963,3891,1118
2036,19,12,7,8,4179,2853,464,1990,994,1365,219,2189,701,1488,1326,245,28,208,493,287,1111,464
2037,2258,1279,979,9,209175,162084,20219,109658,49559,86641,11346,99517,24074,75443,47091,8873,28,854,514,5762,29563,14480
2038,2,2,0,10,1937,1445,308,956,414,710,160,981,246,735,492,148,28,56,258,188,570,183
2039,20,12,8,11,9186,6844,1181,4499,2158,3394,582,4687,1237,3450,2342,599,28,228,1059,535,2685,951
2040,235,101,134,12,43757,31013,3948,22159,10397,15788,1901,21598,6373,15225,12744,2047,28,348,3917,3437,10759,4624
2041,40,16,24,13,15560,11354,1794,7520,3812,5432,804,8040,2118,5922,4206,990,28,332,2708,986,4210,1688
2042,3,2,1,14,4439,3372,489,2173,1186,1616,243,2266,510,1756,1067,246,28,27,122,294,1066,248
2043,20,7,13,15,15398,11588,1647,7624,3641,5781,894,7774,1967,5807,3810,753,28,119,557,969,3549,1067
2044,85,27,58,16,22799,16916,3488,11157,5544,8372,1642,11642,3098,8544,5883,1846,28,589,2880,1693,6520,2272
2045,12,4,8,17,15296,10944,1848,7488,3604,5404,900,7808,2268,5540,4352,948,28,188,2123,1726,3438,1410
2046,24,16,8,18,8165,6036,929,4096,1970,3074,456,4069,1107,2962,2129,473,28,155,330,401,2097,729
2047,61,20,41,19,16555,12548,2856,8114,4116,6193,1302,8441,2086,6355,4007,1554,28,537,2189,1540,4997,1581
2048,2,0,2,20,2493,1897,486,1232,630,932,224,1261,296,965,596,262,28,33,372,236,707,224
2049,388,174,214,21,117648,88739,12182,60810,28461,46643,6736,56838,14742,42096,28909,5446,28,346,3521,6182,23609,10089
2050,4159,2002,2157,22,520367,373873,31017,267136,123858,195145,17113,253231,74503,178728,146494,13904,28,4693,8629,19252,90575,44990
2051,3,0,3,23,4122,3075,492,1978,966,1477,228,2144,546,1598,1047,264,28,257,581,226,1147,344
2052,4,1,3,24,4326,3335,565,2193,1001,1679,305,2133,477,1656,991,260,28,0,23,304,997,276
2053,173,69,104,25,27447,20556,2201,13899,6629,10447,1175,13548,3439,10109,6891,1026,28,27,113,1083,5206,1557
2054,1,1,0,26,3555,2471,477,1713,855,1190,233,1842,561,1281,1084,244,28,217,670,883,816,369
2055,2142,1133,1009,27,399431,281707,23011,199624,96915,142618,13213,199807,60718,139089,117724,9798,28,1172,1560,19770,61635,35317
2056,51,21,30,28,3551,2535,388,1696,883,1214,168,1855,534,1321,1016,220,28,41,124,162,945,374
2057,36,20,16,29,13828,10213,2055,6766,3352,4987,917,7062,1836,5226,3615,1138,28,339,1792,1450,3768,1404
2058,21,13,8,30,13927,10036,1720,6978,3214,5083,851,6949,1996,4953,3891,869,28,41,1065,922,3544,1366
2059,0,0,0,31,1705,1237,268,824,396,602,126,881,246,635,468,142,28,28,273,204,442,155
2060,5509,2920,2589,32,646202,450391,30540,327250,154059,229526,16491,318952,98087,220865,195811,14049,28,2602,6081,17037,122299,56842
2061,937,437,500,33,126887,91012,8944,63589,30040,46197,4876,63298,18483,44815,35875,4068,28,891,3579,5900,25091,12030
2062,16,9,7,34,8723,6551,1349,4174,2127,3162,617,4549,1160,3389,2172,732,28,430,1959,1774,2575,939
2063,185,71,114,35,55981,40275,5270,28191,13666,20194,2630,27790,7709,20081,15706,2640,28,1415,7560,3368,13336,5880
2064,0,0,0,36,1038,740,100,478,249,347,47,560,167,393,298,53,28,121,235,267,289,140
2065,220,108,112,37,25419,18288,2193,12499,6310,9077,1022,12920,3709,9211,7131,1171,28,764,2086,1795,6258,2589
2066,2718,1288,1430,38,314418,249271,31976,163123,75205,132244,18535,151295,34268,117027,65147,13441,28,687,448,10441,45618,20225
2067,103,61,42,39,29560,20609,3363,14822,7168,10417,1708,14738,4546,10192,8951,1655,28,1830,4190,3777,6877,2866
2068,130,45,85,40,64188,45686,4925,32715,15549,23661,2609,31473,9448,22025,18502,2316,28,699,1644,2762,13196,5582
2069,1115,477,638,41,346029,256973,23925,177021,82114,133110,13472,169008,45145,123863,89056,10453,28,1316,2937,9319,47215,25263
2070,12,5,7,42,6165,4697,1032,3015,1431,2308,493,3150,761,2389,1468,539,28,77,976,744,1762,594
2071,39,19,20,43,23739,17658,2626,11950,5704,8972,1311,11789,3103,8686,6081,1315,28,314,1619,1337,6335,2133
2072,205,98,107,1,11144,8016,713,5680,2606,4220,383,5464,1668,3796,3128,330,29,26,69,657,2031,994
2073,174,75,99,2,15271,11353,1126,7923,3543,6041,617,7348,2036,5312,3918,509,29,23,55,698,2670,976
2074,42,27,15,3,6597,4562,508,3374,1580,2351,264,3223,1012,2211,2035,244,29,18,172,473,1634,653
2075,30,18,12,4,17173,11820,1290,8632,4196,6039,658,8541,2760,5781,5353,632,29,115,845,1674,3978,1978
2076,770,298,472,5,78624,57871,5095,41502,18178,31068,2833,37122,10319,26803,20753,2262,29,116,106,3023,14242,4742
2077,123,74,49,6,48385,34578,2822,25023,11496,18196,1487,23362,6980,16382,13807,1335,29,121,75,2550,10161,4271
2078,28,18,10,7,17259,11672,915,8857,4134,6066,508,8402,2796,5606,5587,407,29,51,606,1273,3719,2010
2079,35,19,16,8,15337,10263,903,7784,3687,5314,459,7553,2604,4949,5074,444,29,13,140,1108,3492,1777
2080,59,33,26,9,5272,3786,436,2680,1222,1942,216,2592,748,1844,1486,220,29,17,85,311,1259,448
2081,1528,764,764,10,70011,51183,4982,36400,16588,27206,2659,33611,9634,23977,18828,2323,29,70,232,4005,12914,5256
2082,15,8,7,11,4679,3240,320,2369,1155,1668,161,2310,738,1572,1439,159,29,32,49,398,1025,389
2083,22,13,9,12,8668,6052,811,4446,2059,3125,418,4222,1295,2927,2616,393,29,39,77,792,2131,1007
2084,336,209,127,13,92887,63745,5635,47765,21795,33742,3104,45122,15119,30003,29142,2531,29,243,1035,6178,18035,9561
2085,45,23,22,14,14575,10295,1213,7431,3367,5341,610,7144,2190,4954,4280,603,29,46,155,1388,3222,1393
2086,196,98,98,15,38324,27786,3098,19704,9031,14489,1590,18620,5323,13297,10538,1508,29,211,200,2670,7796,2933
2087,553,314,239,16,7080,5199,774,3698,1666,2764,425,3382,947,2435,1881,349,29,18,39,539,1635,750
2088,708,315,393,17,10901,7645,699,5545,2538,3946,349,5356,1657,3699,3256,350,29,8,54,809,2093,1123
2089,5308,2597,2711,18,38330,27877,2384,19590,8995,14410,1299,18740,5273,13467,10453,1085,29,55,287,2495,7376,3825
2090,197,91,106,19,21060,14840,1308,11049,4936,7896,712,10011,3067,6944,6220,596,29,66,131,1264,4385,1841
2091,51,31,20,20,9490,6753,667,4854,2216,3523,328,4636,1406,3230,2737,339,29,51,27,610,2043,919
2092,59,31,28,21,18115,12953,1368,9340,4346,6751,746,8775,2573,6202,5162,622,29,28,24,917,3723,1520
2093,109,55,54,22,5925,4151,304,2956,1345,2115,148,2969,933,2036,1774,156,29,2,19,436,1182,491
2094,111,54,57,23,25053,18056,1868,13014,5877,9595,1024,12039,3578,8461,6997,844,29,89,272,2357,4813,2141
2095,346,189,157,24,27154,20097,2342,14139,6308,10670,1265,13015,3588,9427,7057,1077,29,95,311,1896,5117,1843
2096,11768,5946,5822,25,77242,52767,3438,39101,18082,26823,1868,38141,12197,25944,24475,1570,29,600,537,6173,13953,7803
2097,667,357,310,26,20242,14379,1313,10427,4888,7539,675,9815,2975,6840,5863,638,29,24,220,929,4237,1696
2098,824,428,396,27,12834,9104,958,6528,3009,4695,508,6306,1897,4409,3730,450,29,11,50,833,2156,969
2099,1677,832,845,28,24380,16814,1368,12659,5767,8917,750,11721,3824,7897,7566,618,29,49,154,1760,4413,2231
2100,96,50,46,29,12047,8687,927,6300,2924,4698,526,5747,1758,3989,3360,401,29,25,45,621,2205,845
2101,28,20,8,30,14746,9804,863,7390,3487,5011,429,7356,2563,4793,4942,434,29,84,229,1637,3268,1653
2102,218,113,105,31,32613,22887,1720,16639,7894,11903,906,15974,4990,10984,9726,814,29,191,336,1325,6708,2554
2103,18,11,7,32,13414,9857,1037,6939,3165,5142,547,6475,1760,4715,3557,490,29,41,157,996,2682,1006
2104,1579,856,723,33,95051,72357,6822,50196,22418,39198,3765,44855,11696,33159,22694,3057,29,239,113,3355,14068,4940
2105,153,90,63,34,42536,29710,3037,21866,10342,15620,1519,20670,6580,14090,12826,1518,29,200,451,3366,9580,4318
2106,15,7,8,35,5843,4147,411,2987,1377,2174,218,2856,883,1973,1696,193,29,2,19,474,1144,489
2107,324,183,141,36,21814,16190,1657,11476,5111,8764,925,10338,2912,7426,5624,732,29,44,61,853,3619,1329
2108,78,51,27,37,8955,6093,805,4689,2141,3241,461,4266,1414,2852,2862,344,29,90,69,971,1943,1115
2109,148,78,70,38,16359,11585,938,8591,3903,6126,492,7768,2309,5459,4774,446,29,81,174,725,3291,1428
2110,89,43,46,39,23905,16524,1434,12050,5672,8444,733,11855,3775,8080,7381,701,29,64,285,1332,4760,2170
2111,37,17,20,40,10263,7367,973,5325,2489,3856,490,4938,1427,3511,2896,483,29,45,172,842,2402,1021
2112,634,343,291,41,30364,21535,1895,15800,7278,11412,1040,14564,4441,10123,8829,855,29,107,197,2208,5504,2294
2113,95,52,43,42,13629,10116,1017,7216,3157,5441,588,6413,1738,4675,3513,429,29,20,73,920,2378,875
2114,265,141,124,43,38296,27452,1985,19907,9025,14568,1024,18389,5505,12884,10844,961,29,78,148,1293,7150,2551
2115,318,151,167,44,42686,31227,3040,22500,9830,16886,1653,20186,5845,14341,11459,1387,29,95,232,2796,7703,3070
2116,19,10,9,45,6038,4119,310,3078,1436,2119,158,2960,960,2000,1919,152,29,2,17,411,1188,611
2117,8,6,2,46,4561,3011,259,2351,1118,1567,126,2210,766,1444,1550,133,29,9,38,454,1040,563
2118,5,3,2,47,3103,2134,191,1570,805,1096,97,1533,495,1038,969,94,29,3,26,229,703,324
2119,721,337,384,48,18873,12739,936,9917,4382,6796,536,8956,3013,5943,6134,400,29,47,135,1243,3428,1668
2120,18,6,12,49,5569,4142,550,2810,1315,2129,278,2759,746,2013,1427,272,29,12,37,392,1071,384
2121,1506,699,807,50,10910,7777,794,5577,2536,4089,386,5333,1645,3688,3133,408,29,22,93,949,2100,1022
2122,18,14,4,51,3767,2839,339,1977,942,1515,172,1790,466,1324,928,167,29,16,14,280,812,262
2123,53,23,30,52,5923,4138,477,3066,1377,2184,248,2857,903,1954,1785,229,29,8,85,367,1241,572
2124,104,36,68,53,7511,5435,542,3931,1689,2894,291,3580,1039,2541,2076,251,29,36,61,415,1363,596
2125,22,12,10,54,5618,4093,431,2917,1303,2176,227,2701,784,1917,1525,204,29,4,19,329,1039,434
2126,15,9,6,55,3131,2294,255,1582,769,1216,125,1549,471,1078,837,130,29,12,30,293,678,233
2127,42,26,16,56,7773,5616,532,3980,1782,2922,282,3793,1099,2694,2157,250,29,69,89,541,1555,714
2128,12,9,3,57,4559,3329,363,2414,1036,1775,198,2145,591,1554,1230,165,29,23,46,491,815,345
2129,82,38,44,58,8817,6461,715,4617,2119,3448,374,4200,1187,3013,2356,341,29,3,41,792,1668,676
2130,231,133,98,59,7169,4854,407,3590,1678,2508,206,3579,1233,2346,2315,201,29,9,16,528,1347,573
2131,72,38,34,60,4992,3479,301,2564,1204,1819,162,2428,768,1660,1513,139,29,17,35,309,941,422
2132,7,3,4,1,8819,6135,643,4397,2106,3106,327,4422,1393,3029,2684,316,30,54,289,935,2083,1053
2133,5,2,3,2,3147,2262,232,1603,737,1166,117,1544,448,1096,885,115,30,4,2,304,717,339
2134,2222,1204,1018,3,87267,63972,6514,45495,20651,34223,3419,41772,12023,29749,23295,3095,30,3558,801,5459,19644,8277
2135,53,28,25,4,43388,33678,5088,22101,10421,17331,2591,21287,4940,16347,9710,2497,30,128,250,5176,11496,3328
2136,11,5,6,5,5350,3996,599,2676,1331,1982,275,2674,660,2014,1354,324,30,363,175,340,1389,452
2137,4099,2108,1991,6,22969,15479,1426,11800,5361,8095,739,11169,3785,7384,7490,687,30,1736,919,2289,5141,2759
2138,7,4,3,7,6426,4862,718,3224,1580,2439,358,3202,779,2423,1564,360,30,56,553,735,1689,549
2139,12,8,4,8,10189,6524,753,5152,2433,3415,374,5037,1928,3109,3665,379,30,378,844,1680,2242,1037
2140,21,8,13,9,28922,22459,3825,14527,6879,11244,1848,14395,3180,11215,6463,1977,30,85,150,4771,7978,2187
2141,608,361,247,10,65548,42277,4274,34131,16033,22535,2418,31417,11675,19742,23271,1856,30,978,2316,7052,13910,7969
2142,263,129,134,11,52927,41565,5990,26944,12367,21567,3065,25983,5985,19998,11362,2925,30,2404,574,3969,12189,4117
2143,10,6,4,12,7987,6250,961,4091,1895,3232,510,3896,878,3018,1737,451,30,649,224,1218,2546,588
2144,748,357,391,13,28295,21671,3207,14957,6646,11734,1765,13338,3401,9937,6624,1442,30,909,1183,1590,5628,2253
2145,739,387,352,14,45430,33592,3748,23944,10958,17957,2149,21486,5851,15635,11838,1599,30,1292,505,3038,10052,3966
2146,56,38,18,15,33730,25839,3868,17421,7999,13591,2002,16309,4061,12248,7891,1866,30,1108,503,3274,9346,2627
2147,83,41,42,16,26920,20426,2298,14045,6443,10881,1264,12875,3330,9545,6494,1034,30,67,84,1166,5671,2257
2148,7,2,5,17,4009,3046,508,2017,988,1523,274,1992,469,1523,963,234,30,35,54,466,1044,277
2149,24,15,9,18,1924,1243,135,999,472,668,69,925,350,575,681,66,30,45,201,308,484,300
2150,5783,3071,2712,19,6534,4084,372,3439,1539,2248,212,3095,1259,1836,2450,160,30,238,1481,797,1571,755
2151,9840,5075,4765,20,10933,7129,542,5605,2644,3734,281,5328,1933,3395,3804,261,30,825,1536,2045,2480,1476
2152,155,78,77,21,23896,17718,2391,12231,5720,9321,1304,11665,3268,8397,6178,1087,30,1134,592,1991,5453,2268
2153,118,56,62,22,21360,14374,1402,10982,4972,7508,748,10378,3512,6866,6986,654,30,388,750,2068,4728,2674
2154,178,96,82,23,50873,35058,4553,25854,12138,18050,2215,25019,8011,17008,15815,2338,30,1185,1168,6857,12816,6367
2155,65,29,36,24,15818,10721,1139,7841,3807,5390,542,7977,2646,5331,5097,597,30,184,324,1551,3736,1509
2156,102,73,29,25,26694,16087,1665,13648,6242,8373,849,13046,5332,7714,10607,816,30,99,728,4036,5957,3319
2157,99,49,50,26,24822,18406,1674,13036,6092,9908,926,11786,3288,8498,6416,748,30,180,76,961,4305,2169
2158,14316,7456,6860,27,17618,12244,1896,9074,4164,6458,1006,8544,2758,5786,5374,890,30,1446,2636,3532,4170,1514
2159,839,418,421,28,142207,114219,14968,75490,33488,62020,8784,66717,14518,52199,27988,6184,30,279,69,3975,20514,8620
2160,170,89,81,29,12929,7752,778,6562,3078,4015,386,6367,2630,3737,5177,392,30,195,1610,2261,2777,1583
2161,8180,4364,3816,30,42347,31307,4127,22672,9936,17166,2346,19675,5534,14141,11040,1781,30,1150,1032,3130,7688,3598
2162,33,21,12,31,16996,12215,1303,8639,3942,6282,658,8357,2424,5933,4781,645,30,285,694,1225,4160,1696
2163,263,143,120,32,49651,35344,4021,25869,11696,18861,2156,23782,7299,16483,14307,1865,30,545,1130,4059,11029,3970
2164,2902,1550,1352,33,23675,17120,2327,12335,5685,8970,1199,11340,3190,8150,6555,1128,30,2482,2957,2771,6351,2404
2165,377,206,171,34,26807,20375,3426,14229,6518,11039,1965,12578,3242,9336,6432,1461,30,180,348,1643,4909,2173
2166,2252,1102,1150,35,12109,8619,1619,6266,2791,4475,793,5843,1699,4144,3490,826,30,157,466,1085,3009,1035
2167,15,9,6,36,10482,6947,561,5416,2420,3624,288,5066,1743,3323,3535,273,30,145,62,638,2341,1364
2168,4354,2325,2029,37,8566,5641,568,4443,2033,2969,282,4123,1451,2672,2925,286,30,179,433,749,1859,1051
2169,360,159,201,38,92127,68888,7606,48226,21918,36693,4568,43901,11706,32195,23239,3038,30,219,452,4986,15888,7211
2170,7542,4173,3369,39,319187,246055,22794,166769,75431,130102,12266,152418,36465,115953,73132,10528,30,2519,376,9753,54596,28178
2171,3583,1911,1672,40,56897,42297,4558,29273,13767,22573,2506,27624,7900,19724,14600,2052,30,1354,1585,2843,10110,4825
2172,801,388,413,41,2236,1576,192,1146,525,827,100,1090,341,749,660,92,30,183,39,278,557,249
2173,6,5,1,42,5718,4082,636,2927,1356,2134,328,2791,843,1948,1636,308,30,222,205,761,1566,607
2174,6,2,4,43,19859,14405,1664,9764,4694,7062,800,10095,2752,7343,5454,864,30,1198,729,2557,4866,2018
2175,3531,1913,1618,44,218153,163862,17871,115674,51727,88770,10183,102479,27387,75092,54291,7688,30,4167,547,10746,40746,19485
2176,2351,1268,1083,45,57147,43762,6247,30078,14068,23471,3387,27069,6778,20291,13385,2860,30,1664,684,3618,14373,4687
2177,17,13,4,46,16353,11705,1353,8290,3958,6017,726,8063,2375,5688,4648,627,30,150,248,2075,4022,1708
2178,163,62,101,47,58479,37528,3401,29765,14043,19779,1770,28714,10965,17749,20951,1631,30,1168,2740,5397,12119,6784
2179,5821,3021,2800,48,129527,95574,7762,66827,30774,50139,4037,62700,17265,45435,33953,3725,30,7052,836,5436,27838,12447
2180,45,13,32,49,21013,15861,1898,10527,4926,7975,994,10486,2600,7886,5152,904,30,196,718,1514,4347,2088
2181,10942,5749,5193,50,16754,11502,1499,8636,4065,6084,736,8118,2700,5418,5252,763,30,1842,757,1772,3771,2048
2182,12556,6710,5846,51,22570,15761,1845,11812,5277,8461,969,10758,3458,7300,6809,876,30,1016,1737,2891,5512,2734
2183,204,102,102,52,12238,8919,1061,6400,3015,4745,586,5838,1664,4174,3319,475,30,74,229,1146,2897,1053
2184,293,130,163,53,27940,20483,2418,14525,6634,11020,1373,13415,3952,9463,7457,1045,30,852,214,1852,6014,2450
2185,26,18,8,54,12494,9660,1645,6460,2927,5067,811,6034,1441,4593,2834,834,30,409,280,1275,3690,959
2186,5087,2578,2509,55,13479,9757,1813,6891,3184,5020,933,6588,1851,4737,3722,880,30,1088,1553,1444,3417,1194
2187,3704,1919,1785,56,6684,4538,687,3503,1559,2411,344,3181,1054,2127,2146,343,30,526,536,742,1541,578
2188,30,10,20,57,14394,9588,888,7301,3430,4870,468,7093,2375,4718,4806,420,30,310,165,2099,3011,1749
2189,36733,19101,17632,58,55844,41820,8191,28545,13555,21725,4229,27299,7204,20095,14024,3962,30,3180,10459,8907,13990,4030
2190,281,164,117,59,16241,12137,1294,8407,3882,6376,626,7834,2073,5761,4104,668,30,813,233,1358,4076,1627
2191,990,466,524,60,16741,12046,1615,8534,4003,6207,794,8207,2368,5839,4695,821,30,896,1068,1239,3956,1787
2192,3204,1542,1662,61,81827,55458,5544,42150,19289,29151,2901,39677,13370,26307,26369,2643,30,6641,1589,7389,17640,8793
2193,78,40,38,62,21102,14678,1358,10626,5106,7403,658,10476,3201,7275,6424,700,30,255,512,1710,4630,2276
2194,3132,1613,1519,63,14565,10589,1981,7420,3431,5406,983,7145,1962,5183,3976,998,30,452,2171,1640,3795,1192
2195,3370,1757,1613,64,3880,2704,346,2028,912,1444,188,1852,592,1260,1176,158,30,308,524,508,924,531
2196,412,198,214,65,78336,57263,5365,40440,18830,29899,2788,37896,10532,27364,21073,2577,30,570,496,3601,14140,6017
2197,9551,4958,4593,66,27297,19391,2409,14062,6504,10165,1143,13235,4009,9226,7906,1266,30,2370,2829,3013,6742,2729
2198,16279,8205,8074,67,18367,10553,790,9239,4319,5445,420,9128,4020,5108,7814,370,30,580,491,1561,3120,2455
2199,570,324,246,68,66168,49092,5228,34970,15805,26552,3064,31198,8658,22540,17076,2164,30,1132,291,3234,10936,5087
2200,727,379,348,69,24791,19037,3226,13126,5849,10353,1723,11665,2981,8684,5754,1503,30,1776,933,2202,5701,2264
2201,464,237,227,70,19587,13945,1653,9682,4747,6974,754,9905,2934,6971,5642,899,30,3310,401,3234,5072,2143
2202,215,112,103,71,60674,42630,4161,31530,14805,22835,2423,29144,9349,19795,18044,1738,30,920,1316,3831,12186,5963
2203,680,395,285,72,21391,14516,1861,11094,5055,7690,1050,10297,3471,6826,6875,811,30,812,1688,2519,5470,2184
2204,10747,5511,5236,73,43309,30999,4066,22349,10056,16235,2130,20960,6196,14764,12310,1936,30,1140,2941,6291,11564,3685
2205,120,61,59,74,7221,5435,632,3758,1611,2890,362,3463,918,2545,1786,270,30,41,75,460,1441,678
2206,105,64,41,75,17105,12798,2211,9053,4146,6885,1192,8052,2139,5913,4307,1019,30,1893,442,2258,5023,1690
2207,11201,5922,5279,76,13474,8974,1421,7050,3229,4839,763,6424,2289,4135,4500,658,30,2095,2929,3110,3534,1638
2208,993,505,488,77,43349,31561,3268,22331,10382,16449,1601,21018,5906,15112,11788,1667,30,984,703,3049,10939,4198
2209,6517,3224,3293,78,13591,10015,1750,6819,3292,5083,865,6772,1840,4932,3576,885,30,911,2512,1771,3599,1218
2210,26,18,8,79,11442,7965,822,5779,2787,4069,443,5663,1767,3896,3477,379,30,78,585,1531,2879,1432
2211,108,43,65,80,23005,16084,1649,11557,5504,8144,812,11448,3508,7940,6921,837,30,818,922,2195,5276,2247
2212,6464,3488,2976,81,24896,17744,1364,13118,5735,9636,734,11778,3670,8108,7152,630,30,832,253,1396,5142,2439
2213,257,116,141,82,15800,11808,986,7887,3714,5976,468,7913,2081,5832,3992,518,30,1122,64,919,3745,1633
2214,35377,18390,16987,83,54132,38551,6038,27833,12929,19993,3250,26299,7741,18558,15581,2788,30,5381,10337,11917,13933,4991
2215,20,8,12,84,5790,4401,682,2957,1490,2261,336,2833,693,2140,1389,346,30,620,192,510,1572,516
2216,4510,2216,2294,85,68823,50164,4396,35646,16557,26587,2261,33177,9600,23577,18659,2135,30,312,297,3546,14113,5868
2217,138,89,49,86,44488,28443,2393,23123,10725,15241,1333,21365,8163,13202,16045,1060,30,577,2012,3995,9288,5771
2218,3504,1798,1706,87,480841,369990,36952,254295,114616,200529,22597,226546,57085,169461,110851,14355,30,1318,645,13672,70480,35486
2219,23,10,13,88,5006,3888,668,2514,1152,1941,353,2492,545,1947,1118,315,30,22,38,786,1279,470
2220,792,421,371,89,41644,31753,4026,21883,9869,17057,2128,19761,5065,14696,9891,1898,30,4410,351,2853,9867,3771
2221,20,14,6,90,11361,8624,1206,5866,2650,4485,650,5495,1356,4139,2737,556,30,454,211,655,3168,1202
2222,1414,731,683,91,29413,20707,2643,14796,6954,10562,1270,14617,4472,10145,8706,1373,30,2261,656,3932,7191,2949
2223,93,40,53,92,38198,27191,2632,19545,9232,14068,1396,18653,5530,13123,11007,1236,30,95,477,3890,7672,4368
2224,38,26,12,93,16682,12163,1313,8549,4055,6330,699,8133,2300,5833,4519,614,30,530,95,1280,3407,1674
2225,1444,757,687,94,38895,28118,3493,19813,9222,14461,1697,19082,5425,13657,10777,1796,30,1015,703,3071,10000,3508
2226,15,10,5,95,15916,11558,1890,7999,3806,5815,888,7917,2174,5743,4358,1002,30,116,258,2434,4095,1617
2227,8,5,3,96,1534,1218,230,781,338,631,117,753,166,587,316,113,30,7,5,341,388,136
2228,53,21,32,97,19606,15221,2597,10534,4649,8393,1454,9072,2244,6828,4385,1143,30,396,120,1233,4636,1354
2229,2671,1359,1312,98,3043,1993,167,1564,726,1017,78,1479,503,976,1050,89,30,20,201,449,724,425
2230,70,39,31,99,18096,12431,1246,9337,4386,6614,656,8759,2942,5817,5665,590,30,954,714,1639,3657,1890
2231,53,28,25,100,23408,17873,2303,12042,5550,9178,1219,11366,2671,8695,5535,1084,30,402,361,2015,6415,2059
2232,269,142,127,101,37285,25159,2049,19454,8980,13507,1129,17831,6179,11652,12126,920,30,403,1115,3776,7493,3779
2233,1021,556,465,102,110415,82141,8668,57919,26043,43860,4662,52496,14215,38281,28274,4006,30,3186,540,6405,24502,9736
2234,10540,5433,5107,103,12332,7746,775,6324,2978,4075,387,6008,2337,3671,4586,388,30,1167,537,1610,2776,1804
2235,11804,6233,5571,104,17312,12115,1080,8993,4157,6405,540,8319,2609,5710,5197,540,30,557,964,2975,4621,2117
2236,384,188,196,105,75346,55876,4325,39137,18731,29612,2459,36209,9945,26264,19470,1866,30,2432,532,1891,15485,6225
2237,3,2,1,106,4685,3189,330,2373,1122,1664,172,2312,787,1525,1496,158,30,17,29,476,1054,609
2238,11,5,6,107,2920,1829,199,1452,709,900,106,1468,539,929,1091,93,30,34,298,489,655,438
2239,3460,1783,1677,108,157393,118934,13917,81669,37359,62599,7366,75724,19389,56335,38459,6551,30,11436,1053,10917,30091,14511
2240,211,106,105,109,64249,47566,6666,33178,15426,25068,3471,31071,8573,22498,16683,3195,30,1478,829,6212,15320,6403
2241,10771,5396,5375,110,11646,7301,665,5845,2758,3731,335,5801,2231,3570,4345,330,30,1494,2351,2378,2895,1923
2242,156,89,67,111,17504,12736,1261,9097,4176,6669,671,8407,2340,6067,4768,590,30,1210,200,1140,4153,1822
2243,38,23,15,112,21816,16121,1809,11224,5143,8476,898,10592,2947,7645,5695,911,30,183,78,1617,5021,2077
2244,366,196,170,113,4559,3193,387,2356,1078,1696,208,2203,706,1497,1366,179,30,107,126,418,1070,577
2245,82,46,36,114,10866,8336,1500,5526,2542,4344,788,5340,1348,3992,2530,712,30,270,214,1386,2974,856
2246,2617,1343,1274,115,37908,28089,3486,20020,8727,15133,1950,17888,4932,12956,9819,1536,30,167,466,2497,7185,3557
2247,170,90,80,116,16710,12290,1262,8737,4024,6591,684,7973,2274,5699,4420,578,30,1514,148,886,3753,1698
2248,1085,493,592,117,24020,17506,2185,12411,5574,9202,1161,11609,3305,8304,6514,1024,30,428,945,2753,6120,2408
2249,2429,1502,927,118,126005,99226,15279,68345,29332,55157,9031,57660,13591,44069,26779,6248,30,90,514,6581,20820,8157
2250,70,43,27,119,5703,4150,620,2984,1308,2231,341,2719,800,1919,1553,279,30,231,85,344,1573,516
2251,841,417,424,120,16222,11974,950,8318,3852,6276,488,7904,2206,5698,4248,462,30,1516,395,934,3990,1826
2252,218,115,103,121,23244,17404,2669,11541,5564,8711,1239,11703,3010,8693,5840,1430,30,2351,2076,1364,6341,2249
2253,9895,5004,4891,122,17480,12571,1168,8808,4060,6442,554,8672,2543,6129,4909,614,30,289,1367,2532,4675,2303
2254,1846,909,937,123,100549,74824,8735,50999,24120,38160,4215,49550,12886,36664,25725,4520,30,3649,7618,6144,23340,10084
2255,32750,16096,16654,124,161097,118990,14681,80794,38174,61057,7356,80303,22370,57933,42107,7325,30,19909,9679,15765,34462,16501
2256,66,27,39,125,31890,22957,2338,16283,7695,11823,1190,15607,4473,11134,8933,1148,30,1198,867,2175,7630,3193
2257,33,12,21,126,33392,25442,3409,16935,7945,12941,1779,16457,3956,12501,7950,1630,30,251,451,3262,8504,2966
2258,69,35,34,127,26880,15421,1049,13816,6385,8042,534,13064,5685,7379,11459,515,30,271,3070,3750,5272,3817
2259,206,102,104,128,72795,48640,4285,37450,17076,25903,2414,35345,12608,22737,24155,1871,30,201,1141,4999,14871,7892
2260,5154,2582,2572,129,18145,12997,2239,9285,4301,6791,1159,8860,2654,6206,5148,1080,30,657,1390,1804,4379,1559
2261,9195,4893,4302,130,39205,28262,3987,20483,9035,15059,1974,18722,5519,13203,10943,2013,30,2385,964,4690,10525,3797
2262,5044,2657,2387,131,200119,153913,19672,105708,47068,83219,11430,94411,23717,70694,46206,8242,30,5608,829,6008,26063,15728
2263,22,12,10,132,19725,13257,1193,10004,4613,6805,629,9721,3269,6452,6468,564,30,449,1300,1755,4311,2385
2264,1018,569,449,133,57646,42063,4276,29228,14161,21690,2289,28418,8045,20373,15583,1987,30,2579,3087,2386,12892,6158
2265,38,26,12,134,22454,16951,2224,11476,5368,8812,1085,10978,2839,8139,5503,1139,30,211,310,2145,5563,1650
2266,10915,5599,5316,135,23112,15631,1190,11947,5333,8216,642,11165,3750,7415,7481,548,30,725,179,2005,4629,2753
2267,25,15,10,136,8068,5529,405,4198,1966,2942,226,3870,1283,2587,2539,179,30,48,36,627,1500,912
2268,4996,2527,2469,137,5830,3805,320,2945,1443,1928,173,2885,1008,1877,2025,147,30,478,936,983,1388,761
2269,444,260,184,138,41927,32279,4491,22235,10172,17585,2549,19692,4998,14694,9648,1942,30,52,50,2237,7775,3469
2270,11,8,3,139,6147,4840,782,3183,1457,2536,415,2964,660,2304,1307,367,30,253,112,583,1576,515
2271,1976,1013,963,140,2921,1987,148,1501,659,1057,81,1420,490,930,934,67,30,114,115,378,651,413
2272,548,332,216,141,164834,120246,13614,86179,39948,64568,7210,78655,22977,55678,44588,6404,30,1676,8559,14269,36603,13789
2273,220,132,88,142,33929,24681,3189,17433,8017,12870,1656,16496,4685,11811,9248,1533,30,1763,528,3318,8771,3035
2274,190,121,69,143,57466,42395,5858,29944,13706,22534,2955,27522,7661,19861,15071,2903,30,1402,2296,5961,14857,5193
2275,4326,2254,2072,144,32721,23271,2622,16637,7652,12084,1259,16084,4897,11187,9450,1363,30,2430,473,3214,7943,3420
2276,212,114,98,145,16363,11931,1026,8483,3827,6307,496,7880,2256,5624,4432,530,30,732,121,1099,3738,1543
2277,2,2,0,146,3656,2497,231,1852,885,1274,135,1804,581,1223,1159,96,30,6,27,240,800,371
2278,20820,10522,10298,147,23130,14658,1098,11705,5412,7549,576,11425,4316,7109,8472,522,30,347,4644,2523,4926,3336
2279,70,31,39,148,27770,20848,2908,14080,6640,10733,1517,13690,3575,10115,6922,1391,30,206,353,2413,7191,2630
2280,27777,14270,13507,149,35155,22745,1574,18120,8286,11986,764,17035,6276,10759,12410,810,30,354,2469,5734,8965,5116
2281,833,419,414,150,11750,8696,1172,5919,2797,4378,556,5831,1513,4318,3054,616,30,683,1062,1082,3110,1242
2282,298,163,135,151,23120,17875,3228,11574,5624,9059,1603,11546,2730,8816,5245,1625,30,3357,2848,2877,6435,1953
2283,152,60,92,152,12320,9482,1680,6016,2858,4634,806,6304,1456,4848,2838,874,30,1360,1028,762,3544,1272
2284,510,254,256,153,5792,4336,747,3013,1387,2292,381,2779,735,2044,1456,366,30,84,467,600,1609,554
2285,832,374,458,154,12983,9807,1868,6409,3069,4898,839,6574,1665,4909,3176,1029,30,788,1548,1450,3563,1117
2286,47187,23662,23525,155,103616,70209,9170,53038,25351,36695,4745,50578,17064,33514,33407,4425,30,16431,15778,8487,24455,10630
2287,5,5,0,156,5767,3690,397,2807,1452,1782,201,2960,1052,1908,2077,196,30,74,394,895,1273,772
2288,1745,835,910,157,20037,14886,2134,9920,4866,7403,1009,10117,2634,7483,5151,1125,30,1859,1672,2543,4712,1727
2289,1080,572,508,158,23865,17924,2655,12167,5737,9285,1341,11698,3059,8639,5941,1314,30,2421,1216,2619,5988,2268
2290,24274,12599,11675,159,26322,15785,1014,13645,6291,8278,569,12677,5170,7507,10537,445,30,3321,4981,2991,4655,4167
2291,8898,4547,4351,160,104694,77439,10626,52885,25042,39533,5299,51809,13903,37906,27255,5327,30,8648,8629,10691,23988,9338
2292,2807,1453,1354,161,35823,25860,4414,18400,8682,13417,2158,17423,4980,12443,9963,2256,30,1795,4494,3357,8875,3279
2293,20,8,12,162,6677,4799,525,3368,1534,2471,271,3309,981,2328,1878,254,30,137,147,1005,1611,572
2294,15,8,7,163,5189,3509,430,2631,1246,1835,233,2558,884,1674,1680,197,30,20,113,806,1200,581
2295,32,19,13,164,16480,12191,1546,8612,3896,6413,844,7868,2090,5778,4289,702,30,70,103,1454,3707,1595
2296,23,7,16,165,8417,5898,637,4132,2003,2859,300,4285,1246,3039,2519,337,30,1458,515,1651,2035,966
2297,2,0,2,166,9668,7208,918,4784,2267,3557,466,4884,1233,3651,2460,452,30,53,87,1662,2596,976
2298,1917,965,952,167,14736,10791,1665,7553,3604,5576,832,7183,1968,5215,3945,833,30,260,1232,1473,3630,1484
2299,11669,5931,5738,168,15018,9492,828,7635,3585,4886,449,7383,2777,4606,5526,379,30,1313,1849,2385,3560,2084
2300,638,330,308,169,22923,16846,2384,11704,5404,8802,1162,11219,3175,8044,6077,1222,30,1990,420,2326,6300,2192
2301,7876,4009,3867,170,10934,7086,622,5606,2648,3620,335,5328,1862,3466,3848,287,30,812,2506,2322,2546,1217
2302,3501,1867,1634,171,5284,3591,383,2789,1271,1923,192,2495,827,1668,1693,191,30,217,753,571,1246,686
2303,547,258,289,172,20887,15163,1921,10498,5073,7747,871,10389,2973,7416,5724,1050,30,2984,378,2463,5350,2238
2304,12081,6081,6000,173,56956,39616,4770,29022,13151,20540,2483,27934,8858,19076,17340,2287,30,5884,3376,8613,14318,6731
2305,2217,1211,1006,174,106277,82591,10649,55419,25541,43457,5671,50858,11724,39134,23686,4978,30,3504,1390,7710,24906,9310
2306,2963,1412,1551,175,96418,68917,7913,49673,23389,36276,3929,46745,14104,32641,27501,3984,30,11036,5723,5937,19104,10152
2307,11,4,7,176,4953,3735,585,2540,1080,1935,309,2413,613,1800,1218,276,30,359,85,417,1356,511
2308,25,12,13,177,11431,7393,586,5676,2822,3698,275,5755,2060,3695,4038,311,30,151,97,1773,2518,1548
2309,10,4,6,178,13421,10667,1757,7049,3165,5691,1029,6372,1396,4976,2754,728,30,1242,288,1258,3601,1103
2310,2,1,1,179,3833,2785,379,1949,886,1416,191,1884,515,1369,1048,188,30,36,68,297,981,385
2311,6499,3356,3143,180,11630,8070,1199,5943,2808,4184,609,5687,1801,3886,3560,590,30,1025,2179,2566,2893,959
2312,154,65,89,181,37857,28934,4264,19236,8853,15104,2214,18621,4791,13830,8923,2050,30,2931,677,3482,10312,3453
2313,63,45,18,182,18715,13117,903,9510,4394,6791,481,9205,2879,6326,5598,422,30,78,121,1015,3613,2221
2314,845,437,408,183,61982,43493,4581,32013,14825,23024,2416,29969,9500,20469,18489,2165,30,868,327,3873,14121,7034
2315,6724,3600,3124,184,7709,4954,453,4109,1857,2747,252,3600,1393,2207,2755,201,30,214,1079,1023,1688,706
2316,1715,901,814,185,5258,3595,281,2724,1266,1897,150,2534,836,1698,1663,131,30,58,53,543,1140,662
2317,16,7,9,186,6869,5128,610,3506,1664,2645,316,3363,880,2483,1741,294,30,61,117,501,1643,549
2318,7,4,3,187,5670,3735,342,2940,1423,1936,192,2730,931,1799,1935,150,30,74,126,773,1158,697
2319,20,10,10,188,17428,12479,1436,8866,4267,6359,739,8562,2442,6120,4949,697,30,251,345,1937,4099,1681
2320,2796,1247,1549,189,161829,121544,13131,83880,37642,64094,6771,77949,20499,57450,40285,6360,30,9232,4803,6827,29974,13598
2321,4,2,2,190,2185,1732,329,1112,547,875,159,1073,216,857,453,170,30,161,21,365,716,137
2322,97,19,78,191,30580,23982,3412,15712,7392,12595,1822,14868,3481,11387,6598,1590,30,149,128,1757,6822,1952
2323,58,16,42,192,20275,15256,2257,10515,4755,8072,1160,9760,2576,7184,5019,1097,30,345,245,1553,5225,1901
2324,6154,3080,3074,193,609964,470816,50195,319816,145656,252934,29672,290148,72266,217882,139148,20523,30,2772,1284,16015,103544,45206
2325,44,24,20,194,11760,7234,552,6013,2872,3762,324,5747,2275,3472,4526,228,30,63,301,1354,2389,1521
2326,1410,723,687,195,5446,3676,339,2685,1302,1822,197,2761,907,1854,1770,142,30,151,1083,643,1243,804
2327,68,51,17,196,17896,13321,1831,9546,4179,7170,978,8350,2199,6151,4575,853,30,762,181,1759,4312,1271
2328,178,82,96,197,12108,8865,1439,6158,2929,4538,712,5950,1623,4327,3243,727,30,130,252,1486,3167,1212
2329,107,54,53,198,7194,4963,823,3728,1707,2593,457,3466,1096,2370,2231,366,30,319,607,986,1957,908
2330,3464,1747,1717,199,11354,7833,593,5849,2634,4102,296,5505,1774,3731,3521,297,30,242,156,609,2350,1405
2331,62,26,36,200,13409,10033,1215,6648,3165,4949,628,6761,1677,5084,3376,587,30,292,352,1444,3272,970
2332,29698,15025,14673,201,43871,29899,3141,22406,10552,15520,1642,21465,7086,14379,13972,1499,30,2987,6232,8122,10558,5850
2333,10905,5666,5239,202,14620,9230,1071,7495,3423,4905,571,7125,2800,4325,5390,500,30,1306,2143,3558,3729,1871
2334,10880,5731,5149,203,15031,9975,1466,7791,3521,5247,703,7240,2512,4728,5056,763,30,1577,1132,1434,3414,2032
2335,278,124,154,204,48091,36040,4036,24973,11497,19115,2101,23118,6193,16925,12051,1935,30,3404,247,2309,9800,4190
2336,221,100,121,205,19478,14438,1997,9852,4746,7438,1032,9626,2626,7000,5040,965,30,217,1542,995,4847,1666
2337,848,441,407,206,30039,23129,2065,15450,7010,11990,1107,14589,3450,11139,6910,958,30,557,71,1110,4809,2322
2338,4689,2428,2261,207,46672,34628,4271,24069,10989,18109,2143,22603,6084,16519,12044,2128,30,3634,640,3266,12136,4090
2339,97,49,48,208,24565,19085,2845,12830,5685,10037,1546,11735,2687,9048,5480,1299,30,1623,298,1569,5415,1755
2340,10153,5286,4867,209,15614,10923,898,8113,3610,5724,419,7501,2302,5199,4691,479,30,106,694,2389,4195,1803
2341,8695,4283,4412,210,29434,19777,1813,14639,7000,9841,814,14795,4859,9936,9657,999,30,706,1477,5664,6818,3204
2342,296,124,172,211,29631,22547,3086,15095,6826,11685,1628,14536,3674,10862,7084,1458,30,1090,379,2554,7547,2487
2343,5264,2796,2468,212,12512,8624,1027,6516,2956,4584,512,5996,1956,4040,3888,515,30,1310,694,2221,3287,1073
2344,3710,1768,1942,1,6502,4726,510,3222,1581,2321,223,3280,875,2405,1776,287,31,28,700,520,1647,843
2345,5077,2449,2628,2,16127,11895,1077,8060,3885,5995,532,8067,2167,5900,4232,545,31,48,1073,877,3702,1794
2346,5866,2959,2907,3,11312,7909,703,5793,2721,4089,359,5519,1699,3820,3403,344,31,50,433,793,2557,1488
2347,884,401,483,4,5811,4381,605,2951,1382,2224,307,2860,703,2157,1430,298,31,13,226,396,1455,659
2348,780,364,416,5,2191,1675,187,1088,521,833,89,1103,261,842,516,98,31,33,61,164,630,260
2349,2240,974,1266,6,8887,6454,820,4447,2009,3271,400,4440,1257,3183,2433,420,31,22,442,725,2277,1114
2350,1697,781,916,7,7224,5436,576,3517,1640,2668,274,3707,939,2768,1788,302,31,30,480,404,1712,800
2351,2209,1062,1147,8,3992,2942,499,2024,905,1505,227,1968,531,1437,1050,272,31,13,157,530,1149,552
2352,1021,455,566,9,4580,3481,572,2314,1117,1762,269,2266,547,1719,1099,303,31,16,341,335,1101,506
2353,1999,958,1041,10,2519,1713,213,1219,594,832,86,1300,419,881,806,127,31,21,254,244,556,363
2354,438,178,260,11,7836,5537,406,3845,1866,2723,193,3991,1177,2814,2299,213,31,40,192,356,1867,1025
2355,1371,612,759,12,3886,2873,565,1977,941,1482,258,1909,518,1391,1013,307,31,15,146,311,1097,450
2356,1631,736,895,13,11141,8297,819,5593,2701,4200,406,5548,1451,4097,2844,413,31,44,189,306,2289,1048
2357,1168,577,591,14,1572,1152,153,781,384,581,72,791,220,571,420,81,31,6,56,145,356,214
2358,2751,1318,1433,15,5181,3790,365,2559,1231,1853,176,2622,685,1937,1391,189,31,16,516,363,1238,652
2359,2598,1293,1305,16,3015,2020,191,1489,695,1001,93,1526,507,1019,995,98,31,5,97,259,629,385
2360,3803,1881,1922,17,4583,3167,381,2274,1086,1566,177,2309,708,1601,1416,204,31,31,342,683,1050,662
2361,2092,1012,1080,18,3153,2336,306,1566,783,1168,139,1587,419,1168,817,167,31,44,375,308,823,424
2362,30447,15153,15294,19,36881,23264,2059,18360,8881,11535,999,18521,6792,11729,13617,1060,31,161,4107,3919,7470,5577
2363,519,198,321,20,4468,3345,368,2215,1105,1653,151,2253,561,1692,1123,217,31,11,198,213,1054,535
2364,6909,3433,3476,21,8371,5349,554,4148,1949,2687,293,4223,1561,2662,3022,261,31,40,549,736,1635,1141
2365,3762,1860,1902,22,4166,2765,260,2069,1001,1364,111,2097,696,1401,1401,149,31,33,402,570,892,571
2366,1401,638,763,23,4691,3537,472,2333,1194,1764,221,2358,585,1773,1154,251,31,7,369,279,1109,533
2367,2607,1310,1297,24,3308,2418,324,1686,770,1226,136,1622,430,1192,890,188,31,4,265,245,753,433
2368,3465,1735,1730,25,5357,3833,412,2719,1252,1954,204,2638,759,1879,1524,208,31,12,168,302,1130,616
2369,811,359,452,26,3662,2856,473,1858,907,1431,221,1804,379,1425,806,252,31,21,69,257,992,416
2370,665,268,397,27,8176,6278,974,4053,2019,3154,427,4123,999,3124,1898,547,31,110,309,502,1904,760
2371,134,47,87,28,2744,2037,202,1342,628,983,85,1402,348,1054,707,117,31,33,41,110,712,315
2372,840,333,507,29,6120,4667,685,2992,1471,2262,292,3128,723,2405,1453,393,31,18,365,521,1668,673
2373,1968,941,1027,30,3783,2677,352,1855,883,1305,166,1928,556,1372,1106,186,31,16,305,397,873,531
2374,1292,635,657,31,2609,1933,350,1337,643,1018,155,1272,357,915,676,195,31,3,194,274,700,312
2375,8792,4205,4587,32,16071,10932,1344,7980,3818,5515,608,8091,2674,5417,5139,736,31,109,1258,1555,3648,2263
2376,11515,5496,6019,33,20152,14718,1622,9997,4806,7284,754,10155,2721,7434,5434,868,31,136,1778,1779,4729,2588
2377,3382,1617,1765,34,6089,4436,600,3060,1446,2176,278,3029,769,2260,1653,322,31,24,627,462,1449,752
2378,2380,1157,1223,35,5976,4511,577,3020,1481,2271,272,2956,716,2240,1465,305,31,25,499,500,1532,764
2379,3839,1839,2000,36,7670,5622,490,3801,1841,2801,219,3869,1048,2821,2048,271,31,52,717,508,1886,938
2380,2269,1060,1209,37,5218,3892,488,2580,1301,1937,222,2638,683,1955,1326,266,31,37,491,413,1448,643
2381,7673,3653,4020,38,32475,23578,2107,16429,7815,12046,1057,16046,4514,11532,8897,1050,31,317,2011,1602,6900,3912
2382,568,285,283,39,4073,2980,295,2021,987,1498,145,2052,570,1482,1093,150,31,11,132,182,881,497
2383,9350,4598,4752,40,26801,19469,2448,13569,6240,9902,1222,13232,3665,9567,7332,1226,31,105,1159,1853,6429,3240
2384,16683,8338,8345,41,96317,66400,3054,48883,23211,34128,1629,47434,15162,32272,29917,1425,31,511,1494,2003,19459,9751
2385,2153,1047,1106,42,5455,3763,572,2870,1282,1973,265,2585,795,1790,1692,307,31,33,364,469,1538,716
2386,2233,1086,1147,43,3119,2073,187,1557,714,1011,84,1562,500,1062,1046,103,31,12,152,252,747,467
2387,2118,1038,1080,44,7187,5165,544,3548,1718,2576,252,3639,1050,2589,2022,292,31,57,845,466,1577,899
2388,1022,475,547,45,2515,1903,216,1220,613,932,100,1295,324,971,612,116,31,2,159,258,674,301
2389,2102,1059,1043,46,3210,2332,282,1676,815,1231,118,1534,433,1101,878,164,31,29,183,326,794,420
2390,4120,2113,2007,47,5637,4135,485,2881,1377,2145,232,2756,766,1990,1502,253,31,28,287,378,1297,695
2391,9231,4438,4793,48,22619,16261,1655,11253,5570,8072,761,11366,3177,8189,6358,894,31,142,2308,1994,5038,2975
2392,3348,1617,1731,49,3700,2340,198,1779,863,1157,88,1921,738,1183,1360,110,31,8,528,355,833,563
2393,87226,44483,42743,50,892363,693985,75587,463648,218023,366203,42503,428715,100933,327782,198378,33084,31,3168,6745,19865,128812,67234
2394,394,179,215,51,3218,2477,302,1594,752,1240,145,1624,387,1237,741,157,31,17,116,182,755,348
2395,8554,4006,4548,52,36097,26427,2870,18196,8777,13525,1378,17901,4999,12902,9670,1492,31,234,1709,2455,8575,4089
2396,5380,2679,2701,53,12722,9546,1062,6471,3018,4895,537,6251,1600,4651,3176,525,31,49,582,946,2686,1429
2397,1014,493,521,54,2837,2202,245,1450,687,1138,116,1387,323,1064,635,129,31,4,164,253,745,317
2398,4403,2115,2288,55,6789,4992,481,3384,1596,2449,214,3405,862,2543,1797,267,31,7,595,627,1670,878
2399,17575,9158,8417,56,31202,21694,2092,16170,7528,11489,1039,15032,4827,10205,9508,1053,31,225,1055,2582,6066,3647
2400,2049,896,1153,57,7792,5764,809,3929,1891,2890,366,3863,989,2874,2028,443,31,41,342,638,2095,961
2401,14467,7133,7334,58,25264,17457,2173,12777,5884,8893,1018,12487,3923,8564,7807,1155,31,222,1111,2011,4922,3203
2402,3322,1601,1721,59,59122,43860,4295,29858,13741,22335,2297,29264,7739,21525,15262,1998,31,347,198,1155,9708,6335
2403,402,185,217,60,963,708,108,481,216,370,49,482,144,338,255,59,31,0,100,72,241,126
2404,393,177,216,61,3502,2611,279,1717,862,1240,130,1785,414,1371,891,149,31,5,61,151,745,450
2405,2829,1327,1502,62,4819,3482,358,2378,1128,1694,163,2441,653,1788,1337,195,31,5,317,322,1196,620
2406,2242,1108,1134,63,5119,3769,366,2599,1230,1905,171,2520,656,1864,1350,195,31,8,301,346,1235,639
2407,843,414,429,64,1678,1225,187,841,397,612,86,837,224,613,453,101,31,12,62,156,424,199
2408,171,73,98,65,1945,1430,165,958,463,691,77,987,248,739,515,88,31,17,17,69,565,217
2409,2986,1531,1455,66,4047,2904,271,2048,951,1503,129,1999,598,1401,1143,142,31,21,206,350,927,441
2410,2199,1025,1174,67,9724,7159,817,4780,2228,3476,383,4944,1261,3683,2565,434,31,87,705,695,2385,1125
2411,755,307,448,68,3088,2372,399,1486,729,1123,180,1602,353,1249,716,219,31,11,120,250,901,344
2412,4398,2133,2265,69,8902,6243,742,4403,2146,3079,346,4499,1335,3164,2659,396,31,120,651,808,1930,1279
2413,1740,791,949,70,3918,2960,504,1905,909,1468,237,2013,521,1492,958,267,31,25,199,242,1076,488
2414,1014,477,537,71,1710,1236,159,814,405,601,71,896,261,635,474,88,31,7,27,194,446,239
2415,572,266,306,72,1762,1378,268,858,423,676,122,904,202,702,384,146,31,4,29,114,456,199
2416,4549,2206,2343,73,5111,3016,212,2488,1253,1498,99,2623,1105,1518,2095,113,31,45,90,596,1006,771
2417,1960,964,996,74,3641,2799,435,1790,917,1384,205,1851,436,1415,842,230,31,6,268,255,945,414
2418,4866,2431,2435,75,6551,4618,475,3284,1611,2356,218,3267,1005,2262,1933,257,31,12,677,429,1254,825
2419,7854,3857,3997,76,17609,12919,1348,8863,4197,6558,671,8746,2385,6361,4690,677,31,78,1514,1186,3991,2243
2420,1344,634,710,77,2616,1942,276,1289,605,956,116,1327,341,986,674,160,31,15,210,280,695,315
2421,1238,588,650,78,3786,2857,459,1903,909,1429,207,1883,455,1428,929,252,31,25,335,287,937,456
2422,23349,11586,11763,79,42440,30043,3098,21632,10371,15363,1510,20808,6128,14680,12397,1588,31,233,1296,3585,9086,5199
2423,4514,2194,2320,80,10232,7306,714,5035,2491,3655,352,5197,1546,3651,2926,362,31,33,774,691,2274,1359
2424,2560,1305,1255,81,3216,2174,293,1631,761,1129,146,1585,540,1045,1042,147,31,15,82,260,686,424
2425,475,194,281,82,3704,2906,554,1865,868,1457,256,1839,390,1449,798,298,31,28,138,272,1001,393
2426,196,93,103,83,1778,1356,190,862,423,650,86,916,210,706,422,104,31,8,14,94,502,196
2427,1898,869,1029,84,7210,5213,816,3620,1806,2627,362,3590,1004,2586,1997,454,31,29,601,527,1778,905
2428,11858,5813,6045,85,15503,10798,1169,7654,3598,5393,580,7849,2444,5405,4705,589,31,105,1179,1602,3737,2291
2429,1283,612,671,86,2134,1645,285,1048,498,800,121,1086,241,845,489,164,31,11,226,280,461,260
2430,1794,853,941,87,5124,3672,391,2536,1216,1848,177,2588,764,1824,1452,214,31,21,487,391,1215,689
2431,1088,507,581,88,1916,1432,247,960,472,718,106,956,242,714,484,141,31,34,62,216,455,253
2432,15610,7792,7818,89,40161,29504,2998,20435,9476,15184,1583,19726,5406,14320,10657,1415,31,217,1229,2261,7855,4370
2433,5624,2774,2850,90,7362,5364,495,3633,1840,2661,246,3729,1026,2703,1998,249,31,7,574,423,1578,892
2434,7358,3560,3798,91,11942,8432,847,5898,2834,4188,409,6044,1800,4244,3510,438,31,59,601,903,2436,1503
2435,6134,3050,3084,92,7157,4652,455,3590,1745,2310,200,3567,1225,2342,2505,255,31,62,866,861,1647,1051
2436,2513,1142,1371,93,17787,13567,1535,8996,4310,6948,770,8791,2172,6619,4220,765,31,76,531,865,3568,1839
2437,4002,2037,1965,94,4813,3242,383,2441,1180,1642,187,2372,772,1600,1571,196,31,20,342,592,1170,650
2438,1412,692,720,95,5407,4182,515,2767,1285,2145,264,2640,603,2037,1225,251,31,32,390,318,1348,535
2439,28570,14235,14335,96,77621,54758,6374,39762,18760,28498,3067,37859,11599,26260,22863,3307,31,902,3419,5879,17563,9792
2440,1624,729,895,97,3522,2529,436,1727,807,1258,184,1795,524,1271,993,252,31,10,293,314,931,455
2441,7093,3443,3650,98,14784,10174,1208,7382,3478,5101,559,7402,2329,5073,4610,649,31,71,573,1370,3371,2017
2442,3235,1570,1665,99,4056,2787,284,1988,963,1370,142,2068,651,1417,1269,142,31,11,311,436,905,574
2443,817,367,450,100,3682,2698,276,1844,880,1362,137,1838,502,1336,984,139,31,38,237,153,925,401
2444,11633,5718,5915,101,55261,40380,2910,27775,13474,20427,1426,27486,7533,19953,14881,1484,31,247,2316,1783,11639,5971
2445,42373,21636,20737,102,80313,56595,4712,40520,19390,28995,2414,39793,12193,27600,23718,2298,31,493,4105,4551,16536,10327
2446,1797,865,932,103,3482,2579,322,1718,850,1283,161,1764,468,1296,903,161,31,10,319,211,777,430
2447,10710,5139,5571,104,15203,10268,1224,7442,3664,5025,550,7761,2518,5243,4935,674,31,106,1528,1866,3348,2142
2448,372,189,183,105,3109,2329,235,1581,731,1184,122,1528,383,1145,780,113,31,25,167,134,740,296
2449,461,199,262,106,2227,1669,265,1113,537,830,118,1114,275,839,558,147,31,27,128,191,605,264
0,8,3,5,1,6086,4367,775,3156,1402,2281,409,2930,844,2086,1719,366,32,29,30,448,1504,460
1,2,1,1,2,4738,3263,522,2471,1109,1761,262,2267,765,1502,1475,260,32,53,137,789,1094,442
2,14,4,10,3,2427,1884,452,1246,578,978,227,1181,275,906,543,225,32,14,44,573,749,147
3,10,3,7,4,3990,2768,441,1983,956,1409,225,2007,648,1359,1222,216,32,12,38,262,924,269
4,104,37,67,5,45204,29940,2216,22741,11147,15229,1102,22463,7752,14711,15264,1114,32,46,138,2286,9072,3548
5,7,5,2,6,8393,6021,860,4250,1993,3092,413,4143,1214,2929,2372,447,32,37,418,806,1951,638
6,16,4,12,7,12944,9364,1418,6450,3084,4710,706,6494,1840,4654,3580,712,32,226,80,918,2806,1048
7,10,4,6,8,12590,8637,1024,6553,3020,4492,502,6037,1892,4145,3953,522,32,71,153,1171,2730,1167
8,17,7,10,9,11416,8164,1468,5862,2696,4194,726,5554,1584,3970,3252,742,32,117,211,920,2638,796
9,271,129,142,10,230865,161846,16039,118566,55708,83758,8126,112299,34211,78088,69019,7913,32,1937,3902,15767,44398,16325
10,10,4,6,11,2884,2140,468,1470,677,1100,239,1414,374,1040,744,229,32,3,16,302,716,177
11,5,0,5,12,8185,5348,698,4253,1965,2825,334,3932,1409,2523,2837,364,32,89,671,786,1945,785
12,113,65,48,13,6325,4391,477,3205,1467,2241,239,3120,970,2150,1934,238,32,13,19,380,1510,490
13,16,0,16,14,21809,15627,2499,11175,5386,8180,1262,10634,3187,7447,6182,1237,32,171,801,3097,5147,1786
14,0,0,0,15,1160,936,274,600,264,478,149,560,102,458,224,125,32,22,27,270,400,76
15,12,4,8,16,23192,15761,1976,11968,5438,8199,1015,11224,3662,7562,7431,961,32,117,429,2037,5401,1981
16,474,217,257,17,187918,132068,7266,96806,44371,69274,3824,91112,28318,62794,55850,3442,32,931,674,5133,25979,9596
17,1,0,1,18,4084,3015,669,2071,961,1569,348,2013,567,1446,1069,321,32,16,51,675,1024,283
18,50,20,30,19,24093,17024,2645,12244,5624,8848,1389,11849,3673,8176,7069,1256,32,109,172,2028,5149,1865
19,142,65,77,20,59125,43940,6868,30490,14457,23070,3506,28635,7765,20870,15185,3362,32,104,296,5524,12140,3430
20,1,0,1,21,4275,2902,483,2149,1072,1475,263,2126,699,1427,1373,220,32,80,241,1015,1026,420
21,28,14,14,22,21806,15573,2125,11271,5179,8211,1093,10535,3173,7362,6233,1032,32,63,289,2189,4550,1703
22,14,6,8,23,12627,9287,1816,6694,2992,5028,967,5933,1674,4259,3340,849,32,32,8,1176,2900,648
23,60,34,26,24,53441,36326,3558,27015,12604,18619,1820,26426,8719,17707,17115,1738,32,313,490,2998,10540,4227
24,6,0,6,25,13292,8991,1116,6736,3226,4615,569,6556,2180,4376,4301,547,32,13,76,1121,2861,1104
25,8,4,4,26,17457,12339,1920,8451,4070,5929,911,9006,2596,6410,5118,1009,32,1131,929,3195,4391,1475
26,1,0,1,27,2938,2188,304,1382,688,1032,140,1556,400,1156,750,164,32,59,67,689,840,282
27,3,1,2,28,2484,1796,322,1283,598,935,161,1201,340,861,688,161,32,39,71,416,620,199
28,40,22,18,29,23827,16180,1689,12237,5804,8433,881,11590,3843,7747,7647,808,32,85,271,1403,5002,1717
29,1,0,1,30,2404,1828,369,1253,567,950,196,1151,273,878,576,173,32,3,6,184,596,164
30,48,15,33,31,9129,6757,1509,4564,2203,3435,774,4565,1243,3322,2372,735,32,72,245,957,2405,544
31,48,20,28,32,12354,8889,867,6248,3017,4561,431,6106,1778,4328,3465,436,32,39,50,816,2507,722
32,8,3,5,33,3947,2991,772,2098,961,1655,429,1849,513,1336,956,343,32,18,17,472,1048,210
33,9,6,3,34,27750,20181,3425,14433,6539,10811,1859,13317,3947,9370,7569,1566,32,169,228,2136,6400,1515
34,10,5,5,35,16864,11563,1333,8608,3853,5951,680,8256,2644,5612,5301,653,32,101,355,1331,3833,1450
35,50,15,35,36,43471,28730,2917,22278,10343,14850,1413,21193,7313,13880,14741,1504,32,467,869,3301,9142,3895
36,107,48,59,37,17647,12109,1097,8910,4075,6155,559,8737,2783,5954,5538,538,32,151,557,1528,4271,1698
37,60,10,50,38,73151,49873,6309,37638,17584,26267,3113,35513,11907,23606,23278,3196,32,2684,4498,9260,18198,6536
38,50,23,27,39,63880,46185,5906,32905,15527,24389,2976,30975,9179,21796,17695,2930,32,319,1105,5023,13623,4208
39,22,10,12,40,22278,14958,2075,11500,5272,7816,999,10778,3636,7142,7320,1076,32,146,547,3092,5127,1996
40,1,1,0,41,2455,1796,381,1219,594,892,189,1236,332,904,659,192,32,41,64,565,725,230
41,123,82,41,42,62433,43767,5354,31984,14842,22614,2708,30449,9296,21153,18666,2646,32,427,1797,5344,14293,4640
42,0,0,0,43,1329,1017,241,680,307,522,132,649,154,495,312,109,32,5,62,247,343,102
43,21,14,7,44,15484,10900,1558,7941,3852,5712,808,7543,2355,5188,4584,750,32,76,143,1349,3572,1255
44,29,8,21,45,8855,6490,1194,4628,2147,3469,642,4227,1206,3021,2365,552,32,65,154,835,2294,626
45,5,2,3,46,7071,5428,1464,3608,1659,2815,730,3463,850,2613,1643,734,32,16,95,1086,1968,456
46,7,4,3,47,5378,3923,671,2741,1210,2036,367,2637,750,1887,1455,304,32,20,49,566,1202,334
47,430,174,256,48,26645,18774,2174,13731,6455,9893,1151,12914,4033,8881,7871,1023,32,231,399,1666,5750,1978
48,585,278,307,49,32606,23456,4540,16574,7705,12108,2336,16032,4684,11348,9150,2204,32,672,1476,4059,7961,2502
49,4,3,1,50,9796,6649,565,4963,2359,3440,288,4833,1624,3209,3147,277,32,86,77,691,2082,828
50,125,55,70,51,35252,24674,2935,17602,8251,12419,1447,17650,5395,12255,10578,1488,32,97,1035,4988,8752,3114
51,14,9,5,52,18745,12327,1324,9514,4539,6396,652,9231,3300,5931,6418,672,32,160,345,1442,4204,1456
52,2,0,2,53,13099,8791,1112,6723,3278,4625,581,6376,2210,4166,4308,531,32,130,196,1172,2561,1042
53,16,10,6,54,19155,13033,1391,9722,4752,6679,695,9433,3079,6354,6122,696,32,180,528,1627,4308,1663
54,21,5,16,55,30240,21885,3602,15447,7276,11305,1842,14793,4213,10580,8355,1760,32,148,516,2949,7377,2075
55,484,230,254,56,146147,109457,8931,75292,34460,57540,5055,70855,18938,51917,36690,3876,32,677,383,4501,17965,6448
56,20,6,14,57,19413,12966,1092,9908,4586,6661,568,9505,3200,6305,6447,524,32,137,251,1421,3877,1628
57,2,2,0,58,2656,1948,396,1351,638,1015,197,1305,372,933,708,199,32,10,99,508,648,208
